2.654082633053221230e+01
2.768709996817426244e+01
2.865597200942166367e+01
2.970235444916683676e+01
3.084399163190558468e+01
3.189307029424459472e+01
3.291285679157130062e+01
3.385084365080838609e+01
3.491652975212515031e+01
4.907079039892847661e-02
1.068108365821139882e+00
1.926154127966761553e+00
2.947428714058995869e+00
4.007551429444241364e+00
5.030793730047054879e+00
6.026407755250111187e+00
7.045642950461089349e+00
8.014341843998201043e+00
9.025601342262463689e+00
1.000399662586195504e+01
1.094842239700099285e+01
1.193156863755863739e+01
1.297786220487361142e+01
1.406692879069238700e+01
1.509218810845814218e+01
1.608608175527064077e+01
1.689776728408745399e+01
1.794990026904165603e+01
1.898503584108427589e+01
2.005177270497815201e+01
2.106891627346652029e+01
2.205896856678756990e+01
2.300837601647481279e+01
2.402843937542795061e+01
2.501197924451751931e+01
2.593186069802158045e+01
2.690066574468514560e+01
2.794931578923496218e+01
2.889010308475739919e+01
2.992096270099720101e+01
3.100649358388029952e+01
3.202199649843033313e+01
3.304886235183419529e+01
3.402359705482999175e+01
3.503011899952253572e+01
2.214877333805504722e-01
1.277139002316307170e+00
2.010035349896965862e+00
3.067873392680514399e+00
4.158149016410152221e+00
5.206319856207259456e+00
6.241054648409851247e+00
7.244810391613978773e+00
8.152990404336360797e+00
9.101680920082571902e+00
1.003977153758462570e+01
1.089134067499452030e+01
1.184464235227594031e+01
1.301503189684116890e+01
1.415138226636599939e+01
1.518286016454461773e+01
1.618492828266046502e+01
1.685466685608751192e+01
1.821507641470466865e+01
1.922551388388027505e+01
2.041224247469121522e+01
2.146487111136318404e+01
2.242147177630339527e+01
2.354579759058735178e+01
2.441583356315499032e+01
2.528045834623722499e+01
2.636879061776350142e+01
2.758916410939811570e+01
2.859922094784678492e+01
2.963188271418301056e+01
3.073782096442972289e+01
3.180946215459838555e+01
3.281786077633432797e+01
3.375696621727543345e+01
3.486109302352148376e+01
8.380529618858104796e-03
1.059750507598597125e+00
1.855774948540062530e+00
2.765499287515071902e+00
3.875611460517121021e+00
4.919068995043981651e+00
5.895474002705001659e+00
6.959733727810650805e+00
7.887664252103793849e+00
8.856543101658553852e+00
9.814047850698743858e+00
1.073020953910845421e+01
1.166152388138805840e+01
1.278145364051516175e+01
1.397141882743385288e+01
1.503139571284991760e+01
1.618612906269163787e+01
1.661706885488167629e+01
1.761936797835421586e+01
1.871318014999202006e+01
1.994674539495988341e+01
2.116075830898466137e+01
2.218630286574388322e+01
2.331144454586946679e+01
2.436850408314773730e+01
2.524681777959294848e+01
2.565699018456058056e+01
2.666470456038446812e+01
2.782230884827311712e+01
2.878199618907908075e+01
2.984762361278813714e+01
3.102058654505681901e+01
3.206970452801228078e+01
3.307703942153706578e+01
3.401331915716218646e+01
3.507977768316612099e+01
2.657826993012707972e-01
1.324695641587533501e+00
2.070498206174999467e+00
3.086194547652088449e+00
4.178600041202188642e+00
5.198928087130588516e+00
6.214645473574044843e+00
7.254068688818835930e+00
8.128756086939308290e+00
9.036328199020058349e+00
9.972943891308856834e+00
1.080414702070753030e+01
1.179045216837389987e+01
1.299679137853277133e+01
1.408744877241794136e+01
1.512868032677904040e+01
1.617152999311941031e+01
1.686236756809056203e+01
1.816984578287236118e+01
1.923989284280265011e+01
2.040020190366310970e+01
2.145375355166741471e+01
2.239309653641399223e+01
2.352834029503516078e+01
2.437841214200477324e+01
2.541919986747287297e+01
2.669813841731788528e+01
2.795345389140051395e+01
2.887732122964176895e+01
2.995830514639025210e+01
3.112173101817806042e+01
3.216494223812672715e+01
3.315999735432237827e+01
3.414390320925275546e+01
3.520732436060087878e+01
4.128206192413048647e-01
1.457799931332156129e+00
2.284526137895676268e+00
3.349496441074480302e+00
4.436150258542025604e+00
5.463092543047266325e+00
6.449232797890194213e+00
7.443991589596696379e+00
8.281105525794378863e+00
9.128785526798566252e+00
1.007562155624244049e+01
1.090657034853921026e+01
1.191942863294443811e+01
1.320033327794990008e+01
1.424055361876747661e+01
1.530197729769315274e+01
1.639024285714285867e+01
1.752511780841187061e+01
1.850571816114576151e+01
1.952629887631131567e+01
2.084331056033822449e+01
2.179369434665562366e+01
2.267790063617085750e+01
2.382032724984266991e+01
2.446315314109854810e+01
2.534087237479806021e+01
2.669486329563672555e+01
2.791738565277439221e+01
2.883916147847471834e+01
2.990127258199676419e+01
3.105915381947728449e+01
3.208586650800518925e+01
3.313310391496666085e+01
3.411642266706503079e+01
3.514985602746553184e+01
3.032778515266006392e-01
1.340903524455656637e+00
2.201927566820448767e+00
3.273967116664482369e+00
4.370817778403887743e+00
5.372826719422786113e+00
6.399717275719470244e+00
7.426837055602560689e+00
8.277662828355524027e+00
9.210354401437204075e+00
1.010251267690910382e+01
1.087170951236052119e+01
1.186529173970593476e+01
1.311833553242437489e+01
1.420046492487654533e+01
1.529130079909427131e+01
1.633744909080479601e+01
1.737093486929552455e+01
1.845483366783297541e+01
1.948780273067129087e+01
2.082913674052300124e+01
2.198785528698527614e+01
2.300824783745725099e+01
2.409455503512880625e+01
2.468295104756230884e+01
2.551746563531556333e+01
2.668957270408163396e+01
2.788178739127087979e+01
2.885296607526354862e+01
2.992152028625305604e+01
3.109776393118473692e+01
3.212546496362343618e+01
3.313634380072963381e+01
3.415761488429544812e+01
3.519065744269435214e+01
3.762130106625135029e-01
1.400613474836726935e+00
2.243983019918941224e+00
3.352592027065463220e+00
4.391313287694428524e+00
5.421990056751559095e+00
6.410965847749953817e+00
7.376063568519956704e+00
8.250816029573698529e+00
9.058115170028527174e+00
9.971152421863427762e+00
1.087728685878273360e+01
1.187538480257954632e+01
1.314351734318731069e+01
1.419161141358057954e+01
1.526181493390496691e+01
1.630912980303519433e+01
1.721746626241008116e+01
1.838532085223268453e+01
1.941844440372736003e+01
2.066572041917351754e+01
2.180538740920096785e+01
2.275202374527792770e+01
2.402409517426273311e+01
2.468064978499761253e+01
2.550180681310650144e+01
2.604147429376320488e+01
2.699241802076611663e+01
2.811780815238590492e+01
2.899949957702343539e+01
3.006316785349247667e+01
3.125409880619933745e+01
3.227714238727424600e+01
3.326992031872509870e+01
3.431122437960303273e+01
3.533531951144804140e+01
5.605650828774561001e-01
1.587785978538955645e+00
2.428065579139120356e+00
3.539177457327840060e+00
4.542000957126369087e+00
5.512720796685323776e+00
6.548856214679705801e+00
7.533451703393815535e+00
8.366897062008229469e+00
9.238916541266350535e+00
1.015271766548949905e+01
1.099665191456609570e+01
1.205255664327053289e+01
1.329067159878024462e+01
1.427167574230104208e+01
1.525457432330258634e+01
1.630065809042236680e+01
1.773945592099302360e+01
1.878517661115674642e+01
2.000350179360160041e+01
2.129064519943244349e+01
2.218742469215622748e+01
2.323545162441984857e+01
2.411333372269594832e+01
2.460167934925216571e+01
2.542993055935261637e+01
2.650058053442821659e+01
2.762772320049428387e+01
2.861131500244393422e+01
2.967773135304983256e+01
3.083443299432320472e+01
3.193074316223604114e+01
3.294492045255389456e+01
3.386537099613524759e+01
3.494362517758391817e+01
1.192257232950491436e-01
1.165170248930803787e+00
1.969343487901282108e+00
2.910305718709297107e+00
3.983497437958404497e+00
5.021903362887571554e+00
5.979704006460438315e+00
6.963109821620459883e+00
7.830622820129546469e+00
8.585436551481397061e+00
9.515371676394293488e+00
1.050552302696319629e+01
1.143722479185938923e+01
1.264684101012011652e+01
1.374276469426403757e+01
1.457651509730967376e+01
1.563569963584613376e+01
1.662055294179838327e+01
1.799224156692056553e+01
1.906784680178994407e+01
2.031570677677099468e+01
2.141986231750138714e+01
2.237857418199133974e+01
2.348884337609140971e+01
2.433673514962036677e+01
2.491735628379123924e+01
2.579612381221187434e+01
2.736382410484146277e+01
2.842661287755816701e+01
2.933762641090885381e+01
3.049506580672224842e+01
3.164987697924520660e+01
3.261366722491286652e+01
3.349888891240397015e+01
3.457598211884054251e+01
-1.837042354630294416e-01
8.591002531387506025e-01
1.755415683189089915e+00
2.697677931960608788e+00
3.821396862977212372e+00
4.868344653812445522e+00
5.798972494228767260e+00
6.733271200482000118e+00
7.650964490426079401e+00
8.445920394209098347e+00
9.346860883638910877e+00
1.034326710816777073e+01
1.121202954625395698e+01
1.234970954490018613e+01
1.349278832673478234e+01
1.445481181515007130e+01
1.547244595167443748e+01
1.650815803861759434e+01
1.772736393066702476e+01
1.880983613041013669e+01
2.002750737611143350e+01
2.126891058221458763e+01
2.227839081662003551e+01
2.328998591368933191e+01
2.427535802243911434e+01
2.503135468310330936e+01
2.613444792755137414e+01
2.754581537130819413e+01
2.853628216767188164e+01
2.953383255490793857e+01
3.065455605289582408e+01
3.173379557351455560e+01
3.274618062484756109e+01
3.367919143876337529e+01
3.476468549750124737e+01
-2.053837938494399958e-04
1.002164168890713691e+00
1.824690598816204101e+00
2.693622693706355875e+00
3.783938856404528650e+00
4.777152666399358871e+00
5.789467727087514781e+00
6.749832439678284501e+00
7.699278600094237035e+00
8.609676088707301389e+00
9.594421453055764104e+00
1.059203788734764551e+01
1.153515711043220904e+01
1.264484696540411512e+01
1.372421191143658170e+01
1.454469278686203637e+01
1.567225885020786968e+01
1.673023623177999397e+01
1.799406339049142645e+01
1.897812022376875163e+01
2.022161793096953275e+01
2.134778861308116760e+01
2.230704532910997528e+01
2.340778508771929722e+01
2.436897435897435926e+01
2.528322537413446369e+01
2.582105074412766754e+01
2.696377104167960681e+01
2.813169938868583486e+01
2.901770678408731641e+01
3.011627706894029899e+01
3.126546247080754881e+01
3.229078777769353081e+01
3.328680283348860058e+01
3.429052794373119895e+01
3.530506673849284738e+01
4.714824702689583424e-01
1.528455139737446844e+00
2.283424428127127648e+00
3.358566604127579680e+00
4.403562593975845374e+00
5.411157211148191593e+00
6.393803198349239381e+00
7.409293096681348167e+00
8.335668423072895905e+00
9.261084617943883046e+00
1.021554115532278395e+01
1.102881318438225833e+01
1.202958407000089913e+01
1.328842609297744382e+01
1.430120759506876915e+01
1.530465947516618108e+01
1.630741360089186287e+01
1.770220519703239859e+01
1.870751678198239887e+01
1.978184776178268578e+01
2.105550962718011476e+01
2.211078712170882454e+01
2.309370736698499371e+01
2.408870206489675425e+01
2.468103760597058027e+01
2.548863699198230748e+01
2.736017635414792082e+01
2.846915747241725114e+01
2.942601417316383916e+01
3.057256985605419075e+01
3.167820766468820892e+01
3.263249032430267960e+01
3.352972985101418146e+01
3.463583747621677844e+01
-1.414865257212236382e-01
9.774232390126429415e-01
1.832255331628081185e+00
2.729908034521032256e+00
3.832846089594232009e+00
4.834364395719133789e+00
5.818795285411965779e+00
6.815156832241959783e+00
7.707920060582552857e+00
8.617911157802929267e+00
9.632792168795290877e+00
1.061883783586980279e+01
1.156097689730964539e+01
1.269166666666666643e+01
1.378693707500368859e+01
1.468225430257624531e+01
1.575127655775754398e+01
1.660873004661675267e+01
1.784262540139519260e+01
1.886384360957739759e+01
2.007984794357424363e+01
2.119922368474673036e+01
2.209476934018685412e+01
2.287703488372093119e+01
2.400767929634641362e+01
2.459430000893415524e+01
2.622882096069869107e+01
2.755508196721311620e+01
2.853741071354153647e+01
2.952838203402714257e+01
3.066215551565305475e+01
3.173639213451125585e+01
3.268339299273240073e+01
3.361080638111888419e+01
3.471989757611753191e+01
-1.238508239375541997e-01
9.191990206944467001e-01
1.767524221102391602e+00
2.698690859493784178e+00
3.782365171638307988e+00
4.813633294150013953e+00
5.816512150046584395e+00
6.801502066038789707e+00
7.765073191705591071e+00
8.678277499623956004e+00
9.736331932591085092e+00
1.069228113250978218e+01
1.164742120477870024e+01
1.274559036869294459e+01
1.387936489274147789e+01
1.487133029826264519e+01
1.597868894519098149e+01
1.658806892263254085e+01
1.771683851402577758e+01
1.875742662963484264e+01
1.995054124311321431e+01
2.112044594652042662e+01
2.209192055209560834e+01
2.311168950975223879e+01
2.428186482360922582e+01
2.540587621417676800e+01
2.659203525697868287e+01
2.780707867107341613e+01
2.875443306252207876e+01
2.982103745532093697e+01
3.095595052639513511e+01
3.200680637518211569e+01
3.302061365755684363e+01
3.394308530986992878e+01
3.503088339580589405e+01
1.632416881178481161e-01
1.227175426155018068e+00
1.965780278547876403e+00
2.926825306058794318e+00
4.057918273289375044e+00
5.080926899413026554e+00
6.104850144572953496e+00
7.134036456260447245e+00
8.033365625712331592e+00
8.955112812343976714e+00
9.867911211129296589e+00
1.076457092915278224e+01
1.175502755846864211e+01
1.298060522318405674e+01
1.411861716559645430e+01
1.514229142749189805e+01
1.620058510343297797e+01
1.685020242914979605e+01
1.813075319351932180e+01
1.916614364957420591e+01
2.037983842034628168e+01
2.145114511986301409e+01
2.243390163047155283e+01
2.359394440956566541e+01
2.443734877290010488e+01
2.538499462739396861e+01
2.663410794875527898e+01
2.783082212898296248e+01
2.876205769341056495e+01
2.983527376187256053e+01
3.097156273245722957e+01
3.199705184490573018e+01
3.302057659793275235e+01
3.396760406225769202e+01
3.502939428192784987e+01
1.968094127623489509e-01
1.276683398628795318e+00
2.038879231709206152e+00
3.011704867555862641e+00
4.096613060428849984e+00
5.171430113329735789e+00
6.186644690184129658e+00
7.212683308049464337e+00
8.152264023902706214e+00
9.050944608662126356e+00
1.002482468443197838e+01
1.087838703478316660e+01
1.185571049209350036e+01
1.305610820493763669e+01
1.416810732223103386e+01
1.519566332711026213e+01
1.625485217483781852e+01
1.696366643546924280e+01
1.819025727089321620e+01
1.924003796325793658e+01
2.042603838514189007e+01
2.146371528784277416e+01
2.245868470942014739e+01
2.355133222075156851e+01
2.445067384483742146e+01
2.544421935033182081e+01
2.632737649161238380e+01
2.757316452937116225e+01
2.854579864367949682e+01
2.955087279459969452e+01
3.063530703444024894e+01
3.173255404548975278e+01
3.275265746978932668e+01
3.363392445624739224e+01
3.469118599366559863e+01
-7.520090374592415527e-02
9.959499572355733354e-01
1.795156917704360700e+00
2.689969622089728229e+00
3.762095315608608992e+00
4.802354330924974768e+00
5.794281317519780039e+00
6.820827743736630033e+00
7.730345609894432535e+00
8.656241834663235934e+00
9.596981394760156547e+00
1.058175955154021963e+01
1.158276908596728738e+01
1.272335618291693038e+01
1.382681783532249398e+01
1.473862624948651323e+01
1.574657480469516813e+01
1.666201963874409131e+01
1.786936050223451744e+01
1.890828816716384608e+01
2.013204211394231535e+01
2.124463553733737342e+01
2.224873489923070125e+01
2.313998195963468163e+01
2.417770943175161236e+01
2.498046814447372554e+01
2.644604715672676676e+01
2.765297655440899405e+01
2.861444070573307741e+01
2.964039963268039912e+01
3.074567853091321723e+01
3.183760287013579671e+01
3.284438475572673610e+01
3.373018824076225997e+01
3.481300865219574092e+01
-1.213391286349994880e-02
1.086125300480769162e+00
1.877786062153973035e+00
2.755755571883419019e+00
3.894336745303727199e+00
4.923774044974261521e+00
5.934434869907136090e+00
6.938305353066784420e+00
7.840186560060917742e+00
8.758704117606397332e+00
9.713426831436699160e+00
1.068058903388468650e+01
1.167359152540730172e+01
1.280925390860424784e+01
1.389770504181491617e+01
1.478420872633019023e+01
1.575550106877907730e+01
1.667300588315774945e+01
1.797238018708534213e+01
1.898676044369584659e+01
2.017378414036790346e+01
2.126494569843053029e+01
2.224889600831240699e+01
2.326770538243626163e+01
2.430303994517329258e+01
2.503608203557143952e+01
2.573463966906161460e+01
2.684481949725912386e+01
2.802772693099728585e+01
2.891302598918834121e+01
2.997445449707291232e+01
3.112859357338930977e+01
3.214236972704714645e+01
3.315913934426229304e+01
3.414916458899266871e+01
3.517937225902343101e+01
3.784472281948209615e-01
1.433639956209447064e+00
2.110628433752532729e+00
3.213340129722382255e+00
4.292317294846805353e+00
5.306158583525789396e+00
6.373014801541520669e+00
7.372346500306927730e+00
8.379462036703850814e+00
9.364018877580031486e+00
1.035055190899305622e+01
1.123271458378300558e+01
1.219271624739715243e+01
1.334768977060641681e+01
1.438700953750131539e+01
1.542306758151678991e+01
1.643649232764209955e+01
1.730028003488959243e+01
1.831604965120364170e+01
1.932345956517321994e+01
2.045507427735996231e+01
2.145363873884452843e+01
2.241911435637734229e+01
2.349274809160305466e+01
2.453294718909710426e+01
2.550434729922142552e+01
2.612816672093780568e+01
2.734414487940787453e+01
2.835884209534577138e+01
2.928031506399737438e+01
3.036636102507487678e+01
3.146698474121630440e+01
3.249425644502193933e+01
3.345279102268990812e+01
3.455033552915102035e+01
-2.542349347403499160e-01
8.453246541313848006e-01
1.726146336884591959e+00
2.538146248859741938e+00
3.637380693487978878e+00
4.628313390965820950e+00
5.618856076883359307e+00
6.679998869886235369e+00
7.591705058561965203e+00
8.601273531485714940e+00
9.623087757313109947e+00
1.063571943929086849e+01
1.160609799765796701e+01
1.261780684659508722e+01
1.376496563051964905e+01
1.475546783052177346e+01
1.591979883536262541e+01
1.664145450224295075e+01
1.773240877106856317e+01
1.870614018150222080e+01
1.989700150751921015e+01
2.110460834896810667e+01
2.215303734720896500e+01
2.313242682394058392e+01
2.415183384674624634e+01
2.492309944373963049e+01
2.582166539522328463e+01
2.741183642292664402e+01
2.838998036824414939e+01
2.929559367642112377e+01
3.040255099351710300e+01
3.146663099256332075e+01
3.244633420455195960e+01
3.341753049711829959e+01
3.449109240179547697e+01
-3.245958813108946184e-01
7.425277091978778055e-01
1.672259456830651025e+00
2.487308222217032849e+00
3.604618872923672779e+00
4.577689860051249227e+00
5.569839339111043230e+00
6.637944848146077881e+00
7.587255979918261950e+00
8.585976337783566947e+00
9.592437446655585731e+00
1.061984782082650014e+01
1.158684882220526902e+01
1.258448117968078428e+01
1.372604664398098251e+01
1.469869819880823414e+01
1.586471480007580048e+01
1.658185661879002737e+01
1.755140598768886306e+01
1.852743123862122943e+01
1.959450020005334636e+01
2.075080719285428188e+01
2.175874062204093562e+01
2.278746950156849138e+01
2.393067825071183563e+01
2.492295754350958958e+01
2.577418430229780810e+01
2.692326705330019365e+01
2.809745364367219977e+01
2.896057832208690996e+01
3.006537246810123420e+01
3.124001873189431677e+01
3.222273272397251276e+01
3.321747380148313056e+01
3.422639374406433888e+01
3.523245330670739150e+01
4.582565353962773647e-01
1.505734996453471197e+00
2.151162566328991943e+00
3.267534270622217463e+00
4.316262828142193086e+00
5.352276703700463933e+00
6.366692988393372055e+00
7.370429661251432840e+00
8.432771535580524613e+00
9.438441150485912701e+00
1.042252301344802845e+01
1.138238443361394125e+01
1.230435001148897101e+01
1.340462850561832653e+01
1.444424789731657555e+01
1.554135757389399330e+01
1.651138961353306556e+01
1.750840077132199468e+01
1.841057992716248037e+01
1.943865923701127585e+01
2.057779652055691244e+01
2.160929123442177868e+01
2.256571450569756720e+01
2.360637004003445938e+01
2.449671972049689472e+01
2.557923554077000361e+01
2.617340474168898012e+01
2.718428781204111644e+01
2.820524266382399148e+01
2.906731205370449445e+01
3.014731238474186625e+01
3.131940520504607761e+01
3.228165541631952351e+01
3.328138763574116155e+01
3.429106397991159128e+01
3.529656759097041885e+01
5.903329644904939943e-01
1.646150602507338689e+00
2.349215054500582767e+00
3.529090457667797942e+00
4.451814209497139352e+00
5.478636513856758761e+00
6.497007503959702390e+00
7.471925667764109491e+00
8.461139511873350116e+00
9.469133866499399588e+00
1.050984801047418493e+01
1.142193777981862013e+01
1.239201412334008623e+01
1.348365564977019204e+01
1.446956666034515493e+01
1.547184729095373257e+01
1.648738560172270340e+01
1.761313257735689675e+01
1.861446313131957098e+01
1.968076100516842075e+01
2.083307831586463621e+01
2.172986880796199927e+01
2.263426404688038573e+01
2.364619404680754400e+01
2.444997408942848693e+01
2.553592947551457826e+01
2.670305299539170463e+01
2.789655640882634913e+01
2.882219860687926172e+01
2.989532227443901391e+01
3.101208471083121410e+01
3.204171643913537793e+01
3.303621233356692244e+01
3.396879095043551899e+01
3.501046135126216541e+01
2.002480135948192796e-01
1.257804247512092077e+00
1.955728834557014961e+00
3.050435556593174002e+00
4.159683820906171725e+00
5.208101352119077099e+00
6.239581064895470597e+00
7.234811688210921687e+00
8.158103583231866907e+00
9.168706475718945370e+00
1.012077031753016598e+01
1.096521434885091395e+01
1.192599804723925772e+01
1.306643834983315244e+01
1.420760055120144649e+01
1.523737113717991143e+01
1.631085907994721751e+01
1.691466875428124084e+01
1.805077035281247078e+01
1.915350629697078588e+01
2.031813445148804576e+01
2.133219590852824155e+01
2.234615571362676434e+01
2.325541873998481890e+01
2.427275641025640951e+01
2.546863572433192857e+01
2.624192018676588489e+01
2.748671886764041616e+01
2.840925167815538543e+01
2.929828382383348284e+01
3.038074004291620867e+01
3.144901169826542997e+01
3.241951891994676060e+01
3.338503684290489559e+01
3.446236985959579613e+01
-3.375395166907785294e-01
7.622624239487427733e-01
1.702925536239897175e+00
2.545841405140126579e+00
3.681857746829146905e+00
4.655332940483205562e+00
5.683979472499083307e+00
6.664376321353065791e+00
7.617158934730182018e+00
8.702273674055559738e+00
9.628195536935704624e+00
1.057511178628754855e+01
1.154963652996783452e+01
1.257669873896108825e+01
1.371203881617904763e+01
1.467525886572820859e+01
1.583444059976931939e+01
1.663328762139318684e+01
1.763956260720411606e+01
1.865419994829158057e+01
1.974603242320819163e+01
2.074048313604474458e+01
2.167665209112067259e+01
2.257424141933344330e+01
2.348500749625187467e+01
2.439458811092136159e+01
2.644637429439860909e+01
2.763627872572496003e+01
2.858954467709118674e+01
2.961357961696771923e+01
3.072494718106042910e+01
3.175422736732570073e+01
3.277608118559394512e+01
3.367046678067008969e+01
3.475984595429135737e+01
-5.953329392716712187e-02
1.004682576213575151e+00
1.809655744504355068e+00
2.762298443798631098e+00
3.903884898907298062e+00
4.989042693594425870e+00
5.979371731436319060e+00
6.890891452169888964e+00
7.791346816550609233e+00
8.750781988797555755e+00
9.613010239221267739e+00
1.061562341254162689e+01
1.158826861254273588e+01
1.269723092517508256e+01
1.381281033909383815e+01
1.470539746680702287e+01
1.561520302171860308e+01
1.669274747567891382e+01
1.794331299949809022e+01
1.892466360877457987e+01
2.011607333191217251e+01
2.119033838831975558e+01
2.212997928481679111e+01
2.289555720496235836e+01
2.374916454262248777e+01
2.449593862815884648e+01
2.556694057800883257e+01
2.711452638625460310e+01
2.821628892486429763e+01
2.906476463645247676e+01
3.014411940848574289e+01
3.128946329133920301e+01
3.227257547421854156e+01
3.326504765635200300e+01
3.426652458875942386e+01
3.527624197888636104e+01
4.953146260686503433e-01
1.502485763355328574e+00
2.379023540053389674e+00
3.520852821951979905e+00
4.496584075054125940e+00
5.491977249606954992e+00
6.565649125424234178e+00
7.441668985069485487e+00
8.427185407120196814e+00
9.318814075921308060e+00
1.023960028120919930e+01
1.111600462784419641e+01
1.216086624026696406e+01
1.333046647679953978e+01
1.432745561815669255e+01
1.532058932343569069e+01
1.636688706135227278e+01
1.755611853556361979e+01
1.858229396748978246e+01
1.967961741658688624e+01
2.075147875029314548e+01
2.163909884668013461e+01
2.244458862313249625e+01
2.328864197530864288e+01
2.412375233081057502e+01
2.478028839006986672e+01
2.654107788673054813e+01
2.773100534108579396e+01
2.866576450229231909e+01
2.971324418080498475e+01
3.081549899129191417e+01
3.183793637478221683e+01
3.287052793646935100e+01
3.378398646348545498e+01
3.486349096804583070e+01
2.451749382011789158e-02
1.112861203221222173e+00
1.941516003500474818e+00
2.909339659430651093e+00
4.033362387320228670e+00
5.090229207596594918e+00
6.083881735058689344e+00
7.090841897162804663e+00
7.907540001461240919e+00
8.746708204541581821e+00
9.654374092733327473e+00
1.062958277325320822e+01
1.165094176685633087e+01
1.278546353988974893e+01
1.388943396226415139e+01
1.483742854001759071e+01
1.601821345707656619e+01
1.676076253933000260e+01
1.792402733001172166e+01
1.897185898501867030e+01
2.016338084242375928e+01
2.125473964541120253e+01
2.214149618612963977e+01
2.291124670642074435e+01
2.388956960778277150e+01
2.449669176780231084e+01
2.575995882655687197e+01
2.751865075698578522e+01
2.849042408740684706e+01
2.940613078468112462e+01
3.050792860359580061e+01
3.161724555200514430e+01
3.261377387029683916e+01
3.348861415583311896e+01
3.457094126764320663e+01
-1.869712830669118808e-01
8.806306724326732338e-01
1.770567673651116003e+00
2.713126219526529770e+00
3.818923800041677197e+00
4.840185370877259530e+00
5.853367453945000243e+00
6.853186955716138229e+00
7.702751136295376888e+00
8.518870694522869158e+00
9.411117615001110437e+00
1.035004418462375142e+01
1.119729781525488654e+01
1.238499759190881377e+01
1.354111197620840557e+01
1.443976208675711881e+01
1.545300759919588174e+01
1.650271548379945941e+01
1.795540540540540420e+01
1.893147006166699953e+01
2.014103576363342896e+01
2.132964205816554681e+01
2.221926938186213718e+01
2.283305746039252782e+01
2.388753495805033822e+01
2.441738802414231202e+01
2.516643317455870132e+01
2.578981077147016165e+01
2.714789628007206801e+01
2.828399475910841687e+01
2.921479002674576364e+01
3.035667512359482956e+01
3.151795277507302728e+01
3.253569665251308152e+01
3.344592120893458542e+01
3.452380315592404258e+01
-2.190840621963071055e-01
8.294155595427695760e-01
1.755912427074838522e+00
2.728576101177496938e+00
3.843171890291934290e+00
4.888223776223775907e+00
5.891217887572146594e+00
6.815807274554520845e+00
7.708135837283254688e+00
8.472935052694714031e+00
9.298413602132450606e+00
1.018723473718576500e+01
1.101699640659204427e+01
1.214999517467670387e+01
1.334600733557536323e+01
1.435402630573376470e+01
1.535509535798324876e+01
1.639180052297347601e+01
1.794417633526705202e+01
1.900332206053153072e+01
2.024825600054051478e+01
2.140794951368126320e+01
2.234518087528459418e+01
2.351588602408119399e+01
2.430778501628664401e+01
2.461778073384325438e+01
2.529247214009551925e+01
2.668695456709155422e+01
2.792923880749923171e+01
2.888504761578122881e+01
3.001518089259474920e+01
3.119325559918506130e+01
3.220699350120604265e+01
3.322189407187979526e+01
3.421170674989290461e+01
3.523832511640646459e+01
4.125809736334684064e-01
1.423288397847236597e+00
2.378309350277206580e+00
3.513148225908041322e+00
4.500750057696746076e+00
5.507834368530020619e+00
6.529179413352528272e+00
7.474210727899468942e+00
8.320857171788770046e+00
8.919713637157325792e+00
9.740444778580782170e+00
1.065886445066297128e+01
1.168769784553491142e+01
1.298260106772290889e+01
1.404822905836083358e+01
1.490509030183077677e+01
1.569845586945078075e+01
1.770340340559992853e+01
1.867588600657654396e+01
1.970947347067574285e+01
2.102504439913175105e+01
2.185975462590506879e+01
2.258636977058029771e+01
2.387154044673845377e+01
2.442447212837837967e+01
2.509349263426516785e+01
2.567082926829268175e+01
2.694709261838440284e+01
2.816688908145580683e+01
2.908013470590486449e+01
3.021057384295124493e+01
3.137784696489284642e+01
3.238637897863435455e+01
3.337816777083847342e+01
3.445251651104531732e+01
-3.002508623392913245e-01
6.723067702647744781e-01
1.694566202218576345e+00
