4.660924098735914178e+00
4.862225081414261574e+00
5.032371970942207895e+00
5.216130723181651163e+00
5.416617482364379121e+00
5.600849727354448859e+00
5.779937876372913230e+00
5.944660914837107235e+00
6.131809648243390143e+00
8.617487137213723086e-03
1.875741154520924880e-01
3.382584280200861548e-01
5.176079053296115395e-01
7.037796337536135205e-01
8.834746680502340022e-01
1.058317807646458331e+00
1.237309140639495153e+00
1.407425623113588431e+00
1.585016317044366962e+00
1.756835615306847842e+00
1.922689412824271527e+00
2.095343042674719936e+00
2.279086187726712343e+00
2.470340846935696888e+00
2.650390096424611208e+00
2.824931114564644741e+00
2.967473950071817246e+00
3.152242574966008792e+00
3.334026226805137050e+00
3.521359488174367058e+00
3.699983503538496699e+00
3.873849928625658023e+00
4.040578575528263272e+00
4.219715345151473507e+00
4.392438101437080356e+00
4.553981588486879950e+00
4.724116712869822265e+00
4.908273686843161343e+00
5.073488519376116557e+00
5.254521256183500633e+00
5.445154998665415746e+00
5.623490893253514145e+00
5.803822271888593676e+00
5.974998723235207976e+00
6.151757439391952964e+00
3.889620847638097789e-02
2.242826910963118814e-01
3.529890925388523004e-01
5.387596018955066457e-01
7.302265843330462136e-01
9.142994035422374877e-01
1.096012673080851929e+00
1.272285607257083395e+00
1.431774164793760296e+00
1.598376908507017413e+00
1.763118168310351397e+00
1.912665098947079034e+00
2.080077624302209216e+00
2.285613682797010604e+00
2.485172006865948191e+00
2.666313322251578910e+00
2.842289886889588946e+00
2.959904938428059129e+00
3.198811052990703896e+00
3.376257387618518013e+00
3.584662801175914737e+00
3.769518469141303729e+00
3.937510340854712965e+00
4.134956992189697367e+00
4.287746946082076072e+00
4.439586622723804332e+00
4.630712326521253530e+00
4.845026234678467603e+00
5.022405725459529791e+00
5.203754943928387888e+00
5.397972493076767186e+00
5.586167019737346529e+00
5.763255305484284108e+00
5.928174781857220133e+00
6.122074217210232483e+00
1.471733094299726907e-03
1.861063637582255348e-01
3.258989027606259414e-01
4.856586646432994869e-01
6.806092104555476752e-01
8.638543102167757226e-01
1.035324089403655057e+00
1.222222332068864104e+00
1.385179343609048486e+00
1.555327428766830833e+00
1.723478069740713714e+00
1.884368316286469280e+00
2.047919571525113280e+00
2.244594216775404494e+00
2.453568019900203456e+00
2.639714138631077844e+00
2.842500759924017739e+00
2.918179551439719965e+00
3.094196683708162254e+00
3.286284731261241987e+00
3.502915287749212236e+00
3.716112193402648423e+00
3.896211534674011379e+00
4.093801462963345905e+00
4.279435256340423877e+00
4.433678889263861223e+00
4.505710649810472646e+00
4.682678772823166469e+00
4.885969569237192722e+00
5.054503502518259417e+00
5.241641931351789907e+00
5.447629911147497950e+00
5.631869061363746987e+00
5.808770542208978149e+00
5.973193786933389759e+00
6.160478168446256397e+00
4.667499695649200697e-02
2.326342730430713268e-01
3.636071788182722586e-01
5.419770417619304004e-01
7.338180578278782340e-01
9.130013100242480029e-01
1.091374868745485838e+00
1.273911488080007759e+00
1.427518294514303676e+00
1.586900096567374518e+00
1.751382339775495067e+00
1.897352727001237804e+00
2.070561103191734365e+00
2.282410403807190846e+00
2.473944430190383681e+00
2.656798618061051442e+00
2.839936968038230258e+00
2.961257286456166593e+00
3.190867949061580333e+00
3.378782525130115566e+00
3.582548315855505816e+00
3.767566076956530896e+00
3.932527269198959896e+00
4.131891257591812305e+00
4.281175244000316127e+00
4.463951489580967547e+00
4.688550205293051221e+00
4.909000392932348689e+00
5.071243854654940542e+00
5.261079089065968439e+00
5.465392233478901574e+00
5.648594077105633993e+00
5.823339064804507359e+00
5.996126093098980370e+00
6.182877070996078750e+00
7.249682239408621054e-02
2.560091666499878515e-01
4.011933463450880755e-01
5.882163760242338224e-01
7.790473208389161464e-01
9.593921217976965066e-01
1.132571540602883564e+00
1.307264489757993253e+00
1.454272893717253767e+00
1.603136839982248318e+00
1.769413911096253900e+00
1.915339633325033208e+00
2.093211095486624984e+00
2.318155083806261008e+00
2.500831689053265361e+00
2.687231884075920174e+00
2.878345872340419387e+00
3.077645093229274931e+00
3.249851631125515006e+00
3.429079255419490213e+00
3.660364122738641868e+00
3.827264227412429776e+00
3.982542678494957578e+00
4.183168072308513175e+00
4.296056896888898358e+00
4.450196134202992759e+00
4.687975050119662868e+00
4.902666327801224355e+00
5.064542491946739666e+00
5.251063407923119541e+00
5.454402840389798612e+00
5.634707321224013299e+00
5.818616217142196234e+00
5.991300142326613454e+00
6.172784863033564662e+00
5.325964720122712548e-02
2.354805940621957361e-01
3.866879324724688538e-01
5.749524164202773902e-01
7.675740634763248416e-01
9.435402358245912335e-01
1.123875952618061724e+00
1.304251924139270491e+00
1.453668309999415209e+00
1.617461425387964447e+00
1.774136351565753333e+00
1.909217604213211184e+00
2.083703932929453551e+00
2.303755182936472856e+00
2.493791578202302794e+00
2.685356948119145049e+00
2.869074580831871835e+00
3.050568506856581763e+00
3.240915633497563064e+00
3.422318817342412611e+00
3.657875010398084825e+00
3.861361485521331183e+00
4.040556065578329914e+00
4.231326139320645829e+00
4.334656349156521316e+00
4.481208272761524114e+00
4.687045951478626016e+00
4.896414796938977965e+00
5.066966763785344163e+00
5.254619175612375237e+00
5.461183292432663094e+00
5.641661339677141562e+00
5.819185184417055900e+00
5.998534046636094352e+00
6.179950137284417444e+00
6.606803668496549764e-02
2.459664599956651321e-01
3.940734325465387045e-01
5.887600023290593398e-01
7.711733490440938477e-01
9.521739754405410538e-01
1.125851352321157295e+00
1.295335420690094663e+00
1.448953653045717660e+00
1.590726180086673880e+00
1.751067733779194668e+00
1.910197060844385453e+00
2.085476409769164707e+00
2.308177445724114651e+00
2.492236783199167416e+00
2.680178835805632875e+00
2.864101335116739921e+00
3.023617366778139193e+00
3.228708253314012566e+00
3.410138567433271817e+00
3.629176918604749336e+00
3.829317685595189147e+00
3.995559687882978661e+00
4.218952445321281886e+00
4.334252216669773006e+00
4.478458374138056364e+00
4.573231202028622100e+00
4.740229639776235793e+00
4.937863199471099307e+00
5.092700006643691601e+00
5.279494383017429904e+00
5.488637787532168133e+00
5.668297924021728385e+00
5.842643007621078688e+00
6.025509928605909060e+00
6.205354731475646979e+00
9.844272635504777713e-02
2.788364551594126328e-01
4.264007921298870185e-01
6.215268995444060973e-01
7.976361193094535507e-01
9.681075069360145502e-01
1.150066745097646503e+00
1.322974882308694422e+00
1.469339034975512437e+00
1.622477319173004418e+00
1.782953019074026813e+00
1.931159161199475394e+00
2.116590154744921293e+00
2.334019701258397639e+00
2.506297150217696501e+00
2.678907287737538834e+00
2.862613589069086917e+00
3.115285732663994001e+00
3.298928272825746522e+00
3.512882470492213027e+00
3.738922068658924847e+00
3.896408542396935015e+00
4.080456089518420093e+00
4.234623928030548434e+00
4.320383951888951302e+00
4.465835942602721431e+00
4.653856398635026537e+00
4.851797726819567558e+00
5.024529603210029727e+00
5.211806578158885372e+00
5.414938857753977430e+00
5.607465586864740281e+00
5.785568684106866755e+00
5.947212110986065170e+00
6.136567967367049015e+00
2.093763170650953312e-02
2.046194803710471022e-01
3.458430573010596309e-01
5.110886108099972347e-01
6.995554311161036320e-01
8.819134006645015234e-01
1.050116004676040715e+00
1.222815219298589495e+00
1.375162105200411267e+00
1.507717492387712577e+00
1.671026538609130530e+00
1.844910359473948658e+00
2.008529651306011576e+00
2.220954438375561946e+00
2.413413295767114164e+00
2.559831018316156559e+00
2.745837990336988277e+00
2.918791403703471232e+00
3.159678273206818044e+00
3.348568939137665179e+00
3.567709841414182570e+00
3.761614322926980503e+00
3.929976949519535800e+00
4.124955070336822516e+00
4.273856206689715442e+00
4.375821043910296027e+00
4.530144375798817791e+00
4.805453515857760927e+00
4.992093439608843219e+00
5.152079601267421261e+00
5.355341440427529243e+00
5.558141728424206285e+00
5.727396186677124135e+00
5.882852955225604141e+00
6.072004928865917250e+00
-3.226092087134804776e-02
1.508694952906627085e-01
3.082744734161759759e-01
4.737483274678105927e-01
6.710884019837203285e-01
8.549464374363947572e-01
1.018377133765585141e+00
1.182452483235164387e+00
1.343611699496191525e+00
1.483216589081419290e+00
1.641433789496148599e+00
1.816416049889994611e+00
1.968982354093352649e+00
2.168774178820375820e+00
2.369514102086349272e+00
2.538458294134604110e+00
2.717168459807415282e+00
2.899053355374215268e+00
3.113162217427119405e+00
3.303258814238435370e+00
3.517098171866045231e+00
3.735105179165512546e+00
3.912383410564255204e+00
4.090033040133977060e+00
4.263077562210919602e+00
4.395840687607663000e+00
4.589558615684609322e+00
4.837413616461653909e+00
5.011352833827261044e+00
5.186536024496164465e+00
5.383350060907011958e+00
5.572878956025597574e+00
5.750667312130008924e+00
5.914516490479017286e+00
6.105143766148491302e+00
-3.606814129752334490e-05
1.759934324387973648e-01
3.204400751824205695e-01
4.730361733897885390e-01
6.645102750124290969e-01
8.389319047141666763e-01
1.016707969525187272e+00
1.185360858351808266e+00
1.352096303376147945e+00
1.511974279338933247e+00
1.684908736716025146e+00
1.860103526131339668e+00
2.025727876334749045e+00
2.220604257452216679e+00
2.410155178951074006e+00
2.554242594964310165e+00
2.752258277374300288e+00
2.938053256485945397e+00
3.159998209793544177e+00
3.332811751905141673e+00
3.551186581612215232e+00
3.748957216413649540e+00
3.917415526224054645e+00
4.110720150708821130e+00
4.279517843065722360e+00
4.440072549832761339e+00
4.534521878451784893e+00
4.735198847082840778e+00
4.940302686366694118e+00
5.095897435733421688e+00
5.288821071608920121e+00
5.490633399031326078e+00
5.670694237092385848e+00
5.845607803024526206e+00
6.021875357642983317e+00
6.200041939900719612e+00
8.279862806231098882e-02
2.684171662900963762e-01
4.009998713738835985e-01
5.898092179737334240e-01
7.733244910669092587e-01
9.502715828585688307e-01
1.122837361528492561e+00
1.301170970294625251e+00
1.463854868281841082e+00
1.626370329945244997e+00
1.793985664180249184e+00
1.936807110350163841e+00
2.112555863610615869e+00
2.333625360404809612e+00
2.511483338565083212e+00
2.687702910315473925e+00
2.863799947065420959e+00
3.108744007291875722e+00
3.285290168088742302e+00
3.473957057785741043e+00
3.697629117130879717e+00
3.882949959965537268e+00
4.055563902021773970e+00
4.230298279461874422e+00
4.334320323219899684e+00
4.476145577396562381e+00
4.804812922045723411e+00
4.999564839518557235e+00
5.167601674544155976e+00
5.368952188140583281e+00
5.563116975723236379e+00
5.730701774697115169e+00
5.888269036556523339e+00
6.082516330212619948e+00
-2.484692636045918168e-02
1.716485942315114921e-01
3.217685434457773774e-01
4.794083645690591644e-01
6.730990393160540819e-01
8.489790496144794529e-01
1.021858281035807670e+00
1.196832695428149185e+00
1.353613859421188170e+00
1.513420467619756016e+00
1.691647147624896208e+00
1.864809955552797049e+00
2.030262176261305118e+00
2.228826423227786346e+00
2.421170556649798744e+00
2.578400237068821266e+00
2.766134843716225422e+00
2.916715145173212509e+00
3.133403673359282493e+00
3.312743249953727709e+00
3.526289875590366663e+00
3.722867227877596275e+00
3.880137023285486375e+00
4.017513315871912738e+00
4.216069597589669371e+00
4.319088041027222324e+00
4.606131782585638490e+00
4.839040954647308546e+00
5.011551021576764242e+00
5.185578840126409794e+00
5.384684628213300961e+00
5.573334946866750350e+00
5.739640964118701838e+00
5.902507159676758874e+00
6.097278408095585078e+00
-2.174986124206591820e-02
1.614236427205952285e-01
3.104008946307121874e-01
4.739262110909824299e-01
6.642339149187627134e-01
8.453383908914430256e-01
1.021457331927718259e+00
1.194434735844436268e+00
1.363650713694377847e+00
1.524021604669602681e+00
1.709830115036806486e+00
1.877707580778809726e+00
2.045442952883076870e+00
2.238296146556566502e+00
2.437402117706812810e+00
2.611604510885022101e+00
2.806071500689117926e+00
2.913086775450065780e+00
3.111313813482891266e+00
3.294055004902428863e+00
3.503581889456057752e+00
3.709032803358549568e+00
3.879636737992883333e+00
4.058721806810681620e+00
4.264220243527686804e+00
4.461611677852515001e+00
4.669917071161575173e+00
4.883294946410681625e+00
5.049663048826045220e+00
5.236973046499131534e+00
5.436278961735646398e+00
5.620823304436623147e+00
5.798861423334918719e+00
5.960859783940618328e+00
6.151891677603443576e+00
2.866742386206455259e-02
2.155084188378298404e-01
3.452173100791268712e-01
5.139896713052338750e-01
7.126247252112593022e-01
8.922787231438410460e-01
1.072093340412620277e+00
1.252832222559443709e+00
1.410766453633943263e+00
1.572637588375938034e+00
1.732937196278189207e+00
1.890402635976788259e+00
2.064340067872807882e+00
2.279567898431089201e+00
2.479418016923343959e+00
2.659188909400620471e+00
2.845039434034029036e+00
2.959120925344144393e+00
3.184002767490802910e+00
3.365831180371669173e+00
3.578972215814625990e+00
3.767108001442768472e+00
3.939693189501345838e+00
4.143412217586931234e+00
4.291525304688605047e+00
4.457944591913150845e+00
4.677305598578095136e+00
4.887464615198672924e+00
5.051002035992817163e+00
5.239473132346388340e+00
5.439020673940196282e+00
5.619110278449004348e+00
5.798854915169240343e+00
5.965165604808885469e+00
6.151630169288913486e+00
3.456236529255421464e-02
2.242026809948873822e-01
3.580544639845447685e-01
5.288956576051672132e-01
7.194200473925570494e-01
9.081722980274601342e-01
1.086457556659561785e+00
1.266643661669440313e+00
1.431646602673956492e+00
1.589466933601357157e+00
1.760493300976085251e+00
1.910390266465394005e+00
2.082021337695356245e+00
2.292827231912234698e+00
2.488109150380743984e+00
2.668561728845973313e+00
2.854569457618398864e+00
2.979046722484267828e+00
3.194452479370570863e+00
3.378808010223113278e+00
3.587085547577355538e+00
3.769315491071477453e+00
3.944045429649178036e+00
4.135928947274618572e+00
4.293865365549429214e+00
4.468345245417463474e+00
4.623439452037168884e+00
4.842216494424393503e+00
5.013024054301203236e+00
5.189528518506652865e+00
5.379969675802219520e+00
5.572660927098464612e+00
5.751804732732400893e+00
5.906567002883632789e+00
6.092236270187123992e+00
-1.320628454257585273e-02
1.749021337543713583e-01
3.152535657533521718e-01
4.723946451524871915e-01
6.606742570818080473e-01
8.433576540880878269e-01
1.017553300388958304e+00
1.197828583337520625e+00
1.357552085831828848e+00
1.520151847165898351e+00
1.685358296719650317e+00
1.858298512886344511e+00
2.034089176069587168e+00
2.234391526142394113e+00
2.428174151584294282e+00
2.588299904945569718e+00
2.765309152990480079e+00
2.926073510322242388e+00
3.138098714660268573e+00
3.320548308731194442e+00
3.535455870026727343e+00
3.730842156595791437e+00
3.907175434809895265e+00
4.063690339433859933e+00
4.245929163593827660e+00
4.386904330794723528e+00
4.644279608103009771e+00
4.856232553541581787e+00
5.025078518515243786e+00
5.205250628734018115e+00
5.399352386849637142e+00
5.591108905780024507e+00
5.767913271035350675e+00
5.923472211014425781e+00
6.113629958456054503e+00
-2.130877395192032949e-03
1.907381301626598358e-01
3.297643487194455436e-01
4.839475378519473292e-01
6.838976209229031822e-01
8.646805799166219497e-01
1.042166138802892439e+00
1.218459222850010182e+00
1.376841625851540796e+00
1.538145594528311344e+00
1.705807672908407291e+00
1.875654291873338764e+00
2.050038811224879076e+00
2.249476315692523709e+00
2.440622893191578324e+00
2.596304797564770617e+00
2.766876724356278849e+00
2.928002841787077593e+00
3.156190349253160221e+00
3.334329090091038950e+00
3.542786328184817091e+00
3.734408892540986624e+00
3.907203727719546826e+00
4.086120280834142804e+00
4.267938878100796529e+00
4.396670873931461720e+00
4.519346937884478166e+00
4.714309364853966677e+00
4.922043732119746551e+00
5.077514087998005188e+00
5.263915131050430851e+00
5.466597389963657960e+00
5.644630042242908097e+00
5.823188386761699142e+00
5.997050061754551464e+00
6.177968308087564253e+00
6.646039516726981455e-02
2.517663518682659585e-01
3.706545835401330868e-01
5.643055066009283749e-01
7.537883285855947468e-01
9.318324194457677789e-01
1.119186640995209148e+00
1.294682653794482885e+00
1.471545612594064245e+00
1.644446962727840411e+00
1.817695358352294122e+00
1.972614923354826244e+00
2.141204055925214345e+00
2.344032854873918659e+00
2.526551307294532478e+00
2.708496957550557749e+00
2.886467897966867646e+00
3.038160572895762801e+00
3.216543303880873950e+00
3.393457959319641670e+00
3.592184638618534542e+00
3.767545914289160969e+00
3.937096346384181267e+00
4.125640790607935315e+00
4.308313665243189483e+00
4.478904517479943337e+00
4.588455551789396125e+00
4.801997580653424080e+00
4.980191983788661680e+00
5.142014962185577076e+00
5.332739159287823938e+00
5.526023405163110525e+00
5.706426056557165616e+00
5.874757549212493046e+00
6.067501044682146905e+00
-4.464705504322131341e-02
1.484503158503416853e-01
3.031343847148704196e-01
4.457324301096585173e-01
6.387727013251175423e-01
8.127937371580000736e-01
9.867462817443192202e-01
1.173097149441958864e+00
1.333204950640180408e+00
1.510498677902965659e+00
1.689942923167901512e+00
1.867774590912323340e+00
2.038186044996809887e+00
2.215855650916002784e+00
2.417312077120776781e+00
2.591257511838831906e+00
2.795729609722428677e+00
2.922461997284998336e+00
3.114048158878564010e+00
3.285048418631792977e+00
3.494179595768502899e+00
3.706251509393607702e+00
3.890369664678502648e+00
4.062363556552750943e+00
4.241385064769683133e+00
4.376829619614495570e+00
4.534629819405401108e+00
4.813885121099152897e+00
4.985660280997558758e+00
5.144698090885272634e+00
5.339094601802845119e+00
5.525961282168103672e+00
5.698010270149830525e+00
5.868565329297254607e+00
6.057097159115921059e+00
-5.700337836926847035e-02
1.303977973661742396e-01
2.936711278169429895e-01
4.368045926504834919e-01
6.330192874304276796e-01
8.039035680176597198e-01
9.781382869713158845e-01
1.165711900733557682e+00
1.332423632921984513e+00
1.507812286082250042e+00
1.684560318655205391e+00
1.864987322420181171e+00
2.034805632321223356e+00
2.210003218060563324e+00
2.410477382526216239e+00
2.581288005191421764e+00
2.786056116353134993e+00
2.911995811803055112e+00
3.082261649126144754e+00
3.253664737952061792e+00
3.441056320090955634e+00
3.644119294135693021e+00
3.821125885848822623e+00
4.001784436790006616e+00
4.202547184053766038e+00
4.376804700036122320e+00
4.526291504407421229e+00
4.728085804964957006e+00
4.934288675490567044e+00
5.085864913688125988e+00
5.279881542830406005e+00
5.486165138157089061e+00
5.658742859393035118e+00
5.833432697698412106e+00
6.010612534358671155e+00
6.187290050042965284e+00
8.047597699603749322e-02
2.644272052376331339e-01
3.777729193822103593e-01
5.738227226131423775e-01
7.579934845141863553e-01
9.399313781983542615e-01
1.118076446049393935e+00
1.294346031217781912e+00
1.480907473634539340e+00
1.657516509280378525e+00
1.830334446939408499e+00
1.998898950884469672e+00
2.160808438049880653e+00
2.354032058322352405e+00
2.536603128866046664e+00
2.729270262392085478e+00
2.899620863153092198e+00
3.074709357918651520e+00
3.233144084722797462e+00
3.413688562540113658e+00
3.613736305987292674e+00
3.794880574432345277e+00
3.962841293445564350e+00
4.145594324495462502e+00
4.301951637198844658e+00
4.492055894358672141e+00
4.596399953311503417e+00
4.773924541466025850e+00
4.953217869154242337e+00
5.104608784570252134e+00
5.294271288174520862e+00
5.500106464671141282e+00
5.669090472285805760e+00
5.844656821869451235e+00
6.021969492765977705e+00
6.198549375915987092e+00
1.036703645246595112e-01
2.890860637804882893e-01
4.125535853433016653e-01
6.197554874860956575e-01
7.817981201387901313e-01
9.621218509792127671e-01
1.140961417996159577e+00
1.312170087514634487e+00
1.485889269705579441e+00
1.662906560740771589e+00
1.845669884427013407e+00
2.005845047521217950e+00
2.176203428636556580e+00
2.367910281857841248e+00
2.541049442303331851e+00
2.717063326977512183e+00
2.895405437615095501e+00
3.093101663891832942e+00
3.268948702399304462e+00
3.456204871244944687e+00
3.658567203748359642e+00
3.816055609123492065e+00
3.974879509757192064e+00
4.152587952748225675e+00
4.293742479140088442e+00
4.484450770062363034e+00
4.689413270937433431e+00
4.899008433963751408e+00
5.061563584808792982e+00
5.250018454328027495e+00
5.446136875341751171e+00
5.626953978604102957e+00
5.801600759481364555e+00
5.965374038248057786e+00
6.148305293427838158e+00
3.516622959151755046e-02
2.208872495419377802e-01
3.434521420718969487e-01
5.356972846399284949e-01
7.304961165312248150e-01
9.146122580526351298e-01
1.095753892105906235e+00
1.270529701202500306e+00
1.432672107398802686e+00
1.610147492572719718e+00
1.777342637462695274e+00
1.925638304168776127e+00
2.094364772505568517e+00
2.294641343526067523e+00
2.495044689627060830e+00
2.675886178154301298e+00
2.864405019272322050e+00
2.970442074302360069e+00
3.169956710857401827e+00
3.363611892224421585e+00
3.568136173565701785e+00
3.746218928934951009e+00
3.924283832863603827e+00
4.083962582080483017e+00
4.262620684313942476e+00
4.472633087271502994e+00
4.608432181890882440e+00
4.827035479976155230e+00
4.989044580780122473e+00
5.145170516752775036e+00
5.335264307146379004e+00
5.522867098423670740e+00
5.693301147507064286e+00
5.862859009000624511e+00
6.052053096529164122e+00
-5.927645386872831823e-02
1.338634772368182957e-01
2.990565015333550014e-01
4.470838024785557807e-01
6.465834667917577105e-01
8.175387314514780401e-01
9.981828210681780167e-01
1.170353620961153585e+00
1.337674991751982789e+00
1.528235653859060905e+00
1.690839917588402797e+00
1.857131076391224100e+00
2.028270656073738021e+00
2.208636517376655561e+00
2.408017420603407732e+00
2.577171744791296071e+00
2.780739561848722285e+00
2.921027783772196518e+00
3.097743130646147591e+00
3.275927018956796832e+00
3.467667405286330773e+00
3.642306251671187933e+00
3.806710041849423742e+00
3.964338733531202141e+00
4.124281438530438493e+00
4.284015960502687292e+00
4.644337057853793027e+00
4.853300191483944204e+00
5.020706442890517707e+00
5.200540675245497901e+00
5.395711684524667540e+00
5.576467052302962912e+00
5.755918250530077884e+00
5.912984323821739885e+00
6.104293877629840104e+00
-1.045484269730713629e-02
1.764356984494850067e-01
3.177997536675449819e-01
4.850965536740157735e-01
6.855744044063970533e-01
8.761426276108826849e-01
1.050057652737482305e+00
1.210132707670970920e+00
1.368264713638321473e+00
1.536754362747560831e+00
1.688173176199786907e+00
1.864245459822059470e+00
2.035054966494795892e+00
2.229803581446241800e+00
2.425714247890188524e+00
2.582464486257632252e+00
2.742238510745066193e+00
2.931469729486179343e+00
3.151085762326564232e+00
3.323424055306692271e+00
3.532651538312829853e+00
3.721306850980316216e+00
3.886320360510824745e+00
4.020766083226009258e+00
4.170670949088492563e+00
4.301814466936834336e+00
4.489896734447336613e+00
4.761673502008505920e+00
4.955157740341465278e+00
5.104161424027983784e+00
5.293710558836500546e+00
5.494848264138097349e+00
5.667495913004698238e+00
5.841787302934385195e+00
6.017660047454628902e+00
6.194979926570125528e+00
8.698387338618503162e-02
2.638565964456935364e-01
4.177883541078321605e-01
6.183088484724378331e-01
7.896603073470187528e-01
9.644646626150896740e-01
1.153015804836869940e+00
1.306856609337169406e+00
1.479926474760008270e+00
1.636508394922687293e+00
1.798210768487175759e+00
1.952119094045554837e+00
2.135610768665456849e+00
2.341008214112385577e+00
2.516092842498045989e+00
2.690500404740248097e+00
2.874244282205666856e+00
3.083089235565329655e+00
3.263299366954236724e+00
3.456004041794032755e+00
3.644237228604330525e+00
3.800115189834690099e+00
3.941569968355782105e+00
4.089797026578567696e+00
4.236453574968891189e+00
4.351750088430135222e+00
4.660968275369014258e+00
4.869935452150983224e+00
5.034091663669145511e+00
5.218043105712205865e+00
5.411613793571158126e+00
5.591167473656706299e+00
5.772504363250165582e+00
5.932919898499243949e+00
6.122495328342258958e+00
4.305599846954909216e-03
1.954333122882096485e-01
3.409561788355721657e-01
5.109189578792040498e-01
7.083123831894233557e-01
8.939123328832931925e-01
1.068411007240319233e+00
1.245246680235885028e+00
1.388669791043007473e+00
1.536038951743575742e+00
1.695437222136033872e+00
1.866696910275533305e+00
2.046061210672957653e+00
2.245298408739730078e+00
2.439170380993177734e+00
2.605650908686430789e+00
2.813012533633761691e+00
2.943414084394366359e+00
3.147698940810541135e+00
3.331712194633836166e+00
3.540959369917191513e+00
3.732616573120394854e+00
3.888342882424924873e+00
4.023521369536006809e+00
4.195327956509444789e+00
4.301946728331796699e+00
4.523793320595387968e+00
4.832643146848108806e+00
5.003299541560954466e+00
5.164109885577623515e+00
5.357600319604026495e+00
5.552411213341320817e+00
5.727414915032977838e+00
5.881048570542425580e+00
6.071119687972088563e+00
-3.283465812877230799e-02
1.546505248973968905e-01
3.109353656057696202e-01
4.764612533919507786e-01
6.706540990539481273e-01
8.500012907103207116e-01
1.027929616247997613e+00
1.203511293779655045e+00
1.352706127179750029e+00
1.496027637558509538e+00
1.652718130985077583e+00
1.817606195162009719e+00
1.966395265086607225e+00
2.174971231868065846e+00
2.378000381283744691e+00
2.535815360532139628e+00
2.713754825115763047e+00
2.898097569951613384e+00
3.153209350545075562e+00
3.324619359473868663e+00
3.537035275206462437e+00
3.745770438652402667e+00
3.902000895845866957e+00
4.009790292118282196e+00
4.194970644802104687e+00
4.288019930223041065e+00
4.419562277440796549e+00
4.529035721404907733e+00
4.767533701699694149e+00
4.967047790429710119e+00
5.130507889218324458e+00
5.331038185434783472e+00
5.534974073627968671e+00
5.713703511273407365e+00
5.873551118030311713e+00
6.062841605061458417e+00
-3.847409166628042165e-02
1.456564660495220653e-01
3.083617082866789705e-01
4.791744592587466323e-01
6.749123880306455714e-01
8.584374772237317597e-01
1.034576658658935111e+00
1.196946921798183627e+00
1.353651752695938848e+00
1.487960724444299165e+00
1.632925798860155320e+00
1.789014678544736059e+00
1.934731926115660361e+00
2.133701664142577226e+00
2.343737396779165039e+00
2.520759010631081765e+00
2.696560125940017816e+00
2.878619419294734083e+00
3.151237375635084881e+00
3.337237531526212386e+00
3.555864582924644246e+00
3.759522275237235256e+00
3.924112638211831872e+00
4.129704121031005926e+00
4.268772176055691148e+00
4.323211570386167324e+00
4.441696405615038756e+00
4.686586171604447237e+00
4.904747900312004916e+00
5.072600711404804841e+00
5.271067230837317652e+00
5.477952906576107672e+00
5.655978841356294140e+00
5.834208956303105431e+00
6.008033301737233600e+00
6.188321218364130516e+00
7.245473741998591233e-02
2.499484797632669508e-01
4.176629328305355160e-01
6.169558183547995123e-01
7.903919096208923412e-01
9.672493847938417044e-01
1.146611235598819167e+00
1.312571374638076716e+00
1.461253814449421373e+00
1.566421019733799547e+00
1.710552385803701059e+00
1.871839164483857454e+00
2.052516069717453373e+00
2.279918395427400490e+00
2.467056923821223435e+00
2.617533219066316086e+00
2.756858824349880610e+00
3.108954428742894294e+00
3.279735380852097482e+00
3.461247164229743767e+00
3.692279015599912562e+00
3.838865296033595609e+00
3.966468634232122703e+00
4.192161794682193410e+00
4.289263993679869102e+00
4.406752942953804819e+00
4.508140978017593170e+00
4.732269892871038941e+00
4.946482467094545754e+00
5.106860613805186411e+00
5.305380846385602922e+00
5.510369619384187345e+00
5.687481330551478642e+00
5.861652708068934459e+00
6.050322716730877737e+00
-5.272806741263883629e-02
1.180660612539248117e-01
2.975884906694831189e-01
