2.013009826783473954e-01
1.701468895279463212e-01
1.837587522394432682e-01
2.004867591827279583e-01
1.842322449900697379e-01
1.790881490184643710e-01
1.647230384641940049e-01
1.871487334062829078e-01
1.599931460734094202e-01
1.789566283148787684e-01
1.506843125679936668e-01
1.793494773095253847e-01
1.861717284240019810e-01
1.796950342966204817e-01
1.748431395962243284e-01
1.789913329930368224e-01
1.701164824740932779e-01
1.775906939307785315e-01
1.718192982624808796e-01
1.658537975174236845e-01
1.726536298504484090e-01
1.837431450519924070e-01
1.912546592089845454e-01
1.800492494889143202e-01
1.745410181400335325e-01
1.425428355071725051e-01
1.847686248941915466e-01
1.817836518391282574e-01
1.873332613692300086e-01
1.786240153641296402e-01
1.738664250871613248e-01
1.667286469026052487e-01
1.791367696232102347e-01
1.727227562856068488e-01
1.615434870497995945e-01
1.701351243829423154e-01
1.841569739733390776e-01
1.652148325329552137e-01
1.810327368073840759e-01
1.906337424819151138e-01
1.783358945880983981e-01
1.803313786350795311e-01
1.711764513466143001e-01
1.767587161567449883e-01
1.703240762640145789e-01
1.853864826199309035e-01
1.287064014425404190e-01
1.857705093566543453e-01
1.914669824375395679e-01
1.840728192091912740e-01
1.817132695386144414e-01
1.762729341762314661e-01
1.594885575366769004e-01
1.666027437132571176e-01
1.647412598033339837e-01
1.495469306367276374e-01
1.674125253551301817e-01
2.055360584948013880e-01
1.995583240689375870e-01
1.811413153856307190e-01
1.759765646380100357e-01
1.176150515384701833e-01
2.389061145626447669e-01
1.774463346278141174e-01
2.084054135573967237e-01
1.848556679653889923e-01
1.679918717134092354e-01
1.974466513349844021e-01
1.527899538923787048e-01
1.518396766417282606e-01
1.911257037974491979e-01
2.143139081572140725e-01
1.773794907810621879e-01
1.813492184688580977e-01
1.942175491483792982e-01
1.881945266605793421e-01
1.770882857469375793e-01
1.649194763729360247e-01
1.938994353530123504e-01
1.625828230636532368e-01
1.846346306639257973e-01
1.397925390024004066e-01
1.597597618826735455e-01
1.949505458122481882e-01
1.832450997612280474e-01
1.714697791868793342e-01
1.868982426652090467e-01
1.629570115401843822e-01
1.701480851577823472e-01
1.681506409738828811e-01
1.608902465457555664e-01
1.635512552386439999e-01
1.966746452502912135e-01
2.089738031247989625e-01
1.861461187308743881e-01
2.027866212929398948e-01
7.567879151570222618e-02
1.760171322684422890e-01
1.920880475530797327e-01
2.166305564879702494e-01
2.131969056534361862e-01
1.800993412713629560e-01
1.975899282893345266e-01
1.856337933770779713e-01
1.542436329234373460e-01
7.203176054661142302e-02
1.769681230126938232e-01
2.032907964140262536e-01
1.685339332810666946e-01
1.871384288335304902e-01
2.059879797957080427e-01
1.842391502162490369e-01
1.769014808452311627e-01
1.644232447244116102e-01
1.872843815128666378e-01
1.693821356898217445e-01
1.859592760865793060e-01
1.309729057752009318e-01
1.783698629436581418e-01
1.918410160659478336e-01
1.791832521963697689e-01
1.783735587212378348e-01
1.825366193345219212e-01
1.536068064342959172e-01
1.593818020530708424e-01
1.644822432081205488e-01
1.459703872257427371e-01
1.732083761904965602e-01
2.118493006154564817e-01
1.915340263831928347e-01
1.828541878706677615e-01
1.831383499771788159e-01
1.213203184179363348e-01
2.296106626054137401e-01
1.879145760685352329e-01
2.037657907253902501e-01
1.850177611010250800e-01
1.649611922424290000e-01
1.993639883928524092e-01
1.492839864085038215e-01
1.827762455806514197e-01
2.245987157120836741e-01
2.204501876392974680e-01
1.622434617225918529e-01
1.898352344110278977e-01
2.043131444129331342e-01
1.832018436267324191e-01
1.747449876988733664e-01
1.727870282944730107e-01
1.867509778970983803e-01
1.728050585775937620e-01
1.835123442559016271e-01
1.451841796951002239e-01
1.870230296791457469e-01
1.908309448146823240e-01
1.803448009587803602e-01
1.731794188051870576e-01
1.746929491551096891e-01
1.470084039592605141e-01
1.488639462649945511e-01
1.662770711140055813e-01
1.459257222287793088e-01
1.778714621615917757e-01
2.249439883196360235e-01
1.826766052470043533e-01
1.864001950226548132e-01
1.911139882644992127e-01
1.992992208888555439e-01
1.722065378962400750e-01
1.792276242939752073e-01
2.312848673191516546e-01
1.669001046737879079e-01
1.552784510825278019e-01
2.006253938135555970e-01
1.128888245803851831e-01
1.541392373140944017e-01
2.377789159166701083e-01
2.146912776815614876e-01
1.618761641455153111e-01
1.865209159763798752e-01
2.033394324666790709e-01
1.803044808342146865e-01
1.839088959181829352e-01
1.726839251844172196e-01
1.814847207069512081e-01
1.636600913472490149e-01
1.822209468609686245e-01
1.512073384102731177e-01
1.882644839478085363e-01
1.926216470560474514e-01
1.759661723482663920e-01
1.803357167934704908e-01
1.803759715212087666e-01
1.494163858601447181e-01
1.637931153885492375e-01
1.566749261777888869e-01
1.350812526474578501e-01
1.744863287162423671e-01
2.200512500070193056e-01
1.900363952658299382e-01
1.915653699168422541e-01
1.837176327127267861e-01
1.814939260247099284e-01
1.903471266409813012e-01
1.814031838448495471e-01
2.355561930556722139e-01
2.034864751232463576e-01
1.791945800569987313e-01
1.907700737423159154e-01
1.033302098358754861e-01
1.465519236050027985e-01
2.058376787171019018e-01
2.093688454603519489e-01
1.705519668463661986e-01
1.876524118270310737e-01
2.065641168202878575e-01
1.804780472444784678e-01
1.775238447399143382e-01
1.793488622190384518e-01
1.814160906483230917e-01
1.693032065801345354e-01
1.798984233106996344e-01
1.481069725508735724e-01
1.946865697825206354e-01
1.824133467150345078e-01
1.810006263964472062e-01
1.736773768806162410e-01
1.694840683689373684e-01
1.536182323556229967e-01
1.417725270409562199e-01
1.603415536925207885e-01
1.591293270651907843e-01
1.752793489247792547e-01
2.227010359549499441e-01
1.840593374750527644e-01
1.879420526064654595e-01
1.839224993111070461e-01
1.595160316613992713e-01
2.050908865358733735e-01
1.814303141192592506e-01
2.190383511714775189e-01
2.001407669904398112e-01
1.662420022877895143e-01
2.233927574383032244e-01
1.152997713484911202e-01
1.442061574682833580e-01
9.477282789056573620e-02
1.669984377476136927e-01
1.976335596948635143e-01
1.548368071725922945e-01
1.867943763737383023e-01
2.091434045147382292e-01
1.796601364895602515e-01
1.743450835993503034e-01
1.828669209848303723e-01
1.798448028697379186e-01
1.762733020589868360e-01
1.803937288043648557e-01
1.475643369704743857e-01
1.951261074145190788e-01
1.761092197650474533e-01
1.704713876265609995e-01
1.819592381616319532e-01
1.729081372110479187e-01
1.463641526668180148e-01
1.531382841974919806e-01
1.604756999010223950e-01
1.482061421254485811e-01
1.854309935454458991e-01
2.174295465134763461e-01
1.722774489592988623e-01
1.726101375198423327e-01
1.837063013315480831e-01
2.526721435949070838e-01
1.836425401617525210e-01
2.139541976664665057e-01
2.260395981667118193e-01
1.574864737380101687e-01
1.840475471214850778e-01
1.541678385121283412e-01
8.576002385840286735e-02
1.454519907137701296e-01
1.880204560323051055e-01
1.979413281845410211e-01
1.727318763904621690e-01
1.872769749488556457e-01
2.031322795950920579e-01
1.925267291107628509e-01
1.781030972421264735e-01
1.616434268791984152e-01
1.893558563809838446e-01
1.675549715190465250e-01
1.836818486645375725e-01
1.412235769300125288e-01
1.652455535089376037e-01
1.884668203061063974e-01
1.823579695483978913e-01
1.682026040115391918e-01
1.726992146225487801e-01
1.523468859018217714e-01
1.325553871873013101e-01
1.633090462214179528e-01
1.738838208648181283e-01
1.636192918320629186e-01
2.124247870695503693e-01
1.924588573915522183e-01
1.464177225490423950e-01
1.860069720208317179e-01
1.729534133664829554e-01
2.408868695033468121e-01
1.888906659308471347e-01
2.191409022765173908e-01
1.939044815127979327e-01
1.683626265925552978e-01
1.949781208172867153e-01
1.489011363528929266e-01
1.019648372205805842e-01
1.543233318885217642e-01
2.753091400589431359e-01
1.866399237510822928e-01
1.599861616585780411e-01
2.032618391601079821e-01
2.028002879966770422e-01
1.692544582529178498e-01
1.554567685484800066e-01
1.891519736403131091e-01
1.789194574423209616e-01
1.831304161620107562e-01
1.574049781255132674e-01
1.654738540516346168e-01
1.973400745159097358e-01
1.838580354526744287e-01
1.634306963291903836e-01
1.640753494695792458e-01
1.611592162610271384e-01
1.396048895852277649e-01
1.582172004147293087e-01
1.749822603938460119e-01
1.525663042033580385e-01
1.997918247270231706e-01
2.007399232659734523e-01
1.689441920482548376e-01
1.787101656728111720e-01
1.818848955667999867e-01
2.141088620529041364e-01
1.900965968113159654e-01
2.138393576276098607e-01
2.180070072994673147e-01
1.772782313987426583e-01
1.776496295697218564e-01
1.730445220769425418e-01
1.327631253967433977e-01
1.937179280769463219e-01
2.478550007770445873e-01
1.739392173656071350e-01
1.751831906689034213e-01
1.968140364108474927e-01
1.895288951185856163e-01
1.777883561044113492e-01
1.638491783490083620e-01
1.906272756694740167e-01
1.780054728897972893e-01
1.760295005800948942e-01
1.444466427436232048e-01
1.525960982073679695e-01
1.914741016226405579e-01
1.744216297017375794e-01
1.777760648110205954e-01
1.686528888266209947e-01
1.667354450243396791e-01
1.598779759627853014e-01
1.729344573770918991e-01
1.751947894153145224e-01
1.656243502034093762e-01
1.948763811174676341e-01
1.895509214988573277e-01
1.440874160132361581e-01
1.980156824099901236e-01
1.857949791116451088e-01
2.219449533075987802e-01
1.728135421115974957e-01
2.183748297070735589e-01
1.977706348014343085e-01
1.684583098104051047e-01
1.933046244847664852e-01
1.687976923569012300e-01
1.605547067670389794e-01
9.444932861902355370e-02
2.006769686310558853e-01
2.051038392838533397e-01
1.555947493667275694e-01
1.929236358754984337e-01
2.018123274224059571e-01
1.800608380610597692e-01
1.749135659321403580e-01
1.762675546184571118e-01
1.781665822577362945e-01
1.659419953411775950e-01
1.856185382277854012e-01
1.325827050837872223e-01
1.888093465998498255e-01
1.835152730931758347e-01
1.769470917916595720e-01
1.725657786699237306e-01
1.783336087661326896e-01
1.626838979872158308e-01
1.625154616634039151e-01
1.676153342350041875e-01
1.428214461699146565e-01
1.757487532604520286e-01
2.210694967941937428e-01
1.778579781602735999e-01
1.762195717503907133e-01
1.760970367499470335e-01
2.449440602264547628e-01
1.765461607968665803e-01
1.886668896969987408e-01
2.236720593451386740e-01
1.853208428346575509e-01
1.726139420562367022e-01
1.747343774401004524e-01
1.040220437580252622e-01
1.418252541766626962e-01
3.286673446491610306e-01
1.947519174728338243e-01
1.680368350255987409e-01
2.013505135964273052e-01
1.941647875826530978e-01
1.675847989738787902e-01
1.575672618594081698e-01
1.942472936560966090e-01
1.758220506065066857e-01
1.964955205919706738e-01
1.501199492142658853e-01
1.576398211232817870e-01
1.936906747469949175e-01
1.758800102984253710e-01
1.728792314213282166e-01
1.749744143923415152e-01
1.567811639930389855e-01
1.598066081985678455e-01
1.782266800051401923e-01
1.731628079279008414e-01
1.654522207085080687e-01
1.985642469664812282e-01
1.923441334220123977e-01
1.572296804190225217e-01
1.877346066474041564e-01
1.505803014569870868e-01
2.166885281860699841e-01
1.793395765944452158e-01
2.135466256366389537e-01
1.965773522872296120e-01
1.572697954078901006e-01
1.373762925864263629e-01
1.985562817177566330e-01
1.030184434375529534e-01
2.870437415584161656e-01
2.329091720616700556e-01
1.725100669294556965e-01
1.740278185496455521e-01
1.991057880868911667e-01
1.886503186534493892e-01
1.663060172519514879e-01
1.628661955580570364e-01
1.947712484188262039e-01
1.641570378419352494e-01
1.831735039626611328e-01
1.489772519101169590e-01
1.635253164602702425e-01
1.903077038277802835e-01
1.811044759726803122e-01
1.761189410362752339e-01
1.729774039167180089e-01
1.692159778499415790e-01
1.603708909752248335e-01
1.858085103672038052e-01
1.678774657420032401e-01
1.677353721042671442e-01
1.928531936734896313e-01
1.991059711502463081e-01
1.742023931782092916e-01
1.944669898040958245e-01
1.070152747609478538e-01
1.982270380328254866e-01
1.827411914195375964e-01
2.095268845536288893e-01
2.054509139024918163e-01
1.706039346343337648e-01
1.790850688177982875e-01
2.054984367170051840e-01
1.973914343248281966e-01
2.083053933090601717e-01
2.133778752491064523e-01
1.663681024153635946e-01
1.873099976730863148e-01
1.993059152365148634e-01
1.845443427009767490e-01
1.780381188982955720e-01
1.619983606056996095e-01
1.910318936628252473e-01
1.599610534382067684e-01
1.868409949757652844e-01
1.297088912412970307e-01
1.687723612261070039e-01
1.986350539060254272e-01
1.796539979325817438e-01
1.798146172687792310e-01
1.807388821468234319e-01
1.579342310744995537e-01
1.618711347419947710e-01
1.602996079022511733e-01
1.574654396985990523e-01
1.739374318960196231e-01
2.152278305582813189e-01
1.998501184922547580e-01
1.797708924772765116e-01
1.858505246334085648e-01
1.140814913101153572e-01
2.248818421466585171e-01
1.818284128808662636e-01
2.131410354429568166e-01
1.881357856281424823e-01
1.725851880585773657e-01
2.037190280855853963e-01
1.481130871016738126e-01
1.664192872245457977e-01
2.193610066649442913e-01
2.101590166205777876e-01
1.635374207941442393e-01
1.884710963535711770e-01
1.995475415938079422e-01
1.800896045088080655e-01
1.797446367202359951e-01
1.663106896396451262e-01
1.864645644800280166e-01
1.661175031832273774e-01
1.896403157023331676e-01
1.338517829896573863e-01
1.708411936206224446e-01
1.905243897873898362e-01
1.887522506349030849e-01
1.782852586321016508e-01
1.801861050098785277e-01
1.650029410045161793e-01
1.578203309274006649e-01
1.710263673747280944e-01
1.498969654893087533e-01
1.716310712299622399e-01
2.108058942168784533e-01
1.952819184685092857e-01
1.804525784652293297e-01
1.860077287724255513e-01
1.244772648658689640e-01
2.154057568863030347e-01
1.843555308525424152e-01
2.082775373542422592e-01
1.822299434941219154e-01
1.747299385777005831e-01
1.918835176254405361e-01
1.579364182748106415e-01
1.744798798680342600e-01
1.550942066197054103e-01
2.187770423872246184e-01
1.708075598768097336e-01
1.765044642054496293e-01
1.904411572955666543e-01
1.926912512962450919e-01
1.791438056339362817e-01
1.547622701512318955e-01
1.856692673034912033e-01
1.777427524498866873e-01
1.881084182969472163e-01
1.403514319989808135e-01
1.571410793991350197e-01
1.882796119293208559e-01
1.826833970062797796e-01
1.741956463008704770e-01
1.802752829485623209e-01
1.597235024943082227e-01
1.625997613340695036e-01
1.652064495537519662e-01
1.729402161666941939e-01
1.757906631832426569e-01
2.003023500728069450e-01
1.937826254419001692e-01
1.601257533612754358e-01
1.770092480449103611e-01
1.607643573317623087e-01
2.120252043380261853e-01
1.824495940709258690e-01
2.149075612955329007e-01
1.953862865690640938e-01
1.763332782141038280e-01
1.565149046239646680e-01
1.822388241599677272e-01
1.409751672008958678e-01
2.573752773082862433e-01
2.119529454385720157e-01
1.688459649736619994e-01
1.801721102187743284e-01
1.941017581156190275e-01
1.917565189303873652e-01
1.768043652553261680e-01
1.555589399790751060e-01
1.901577474416287217e-01
1.674244713283394859e-01
1.928690075578518570e-01
1.390262185567857078e-01
1.541831891325017856e-01
1.999500830709558530e-01
1.807829589937187675e-01
1.774855588862704892e-01
1.762930840471177429e-01
1.583824030015306139e-01
1.613039686767705483e-01
1.676620783800959469e-01
1.698466189649314728e-01
1.743845193515403125e-01
1.994375044676446329e-01
1.911465774990546151e-01
1.556819043731922925e-01
1.705719267915082327e-01
1.611261174307987432e-01
2.281875074660826286e-01
1.781387408378787285e-01
2.084572380937781411e-01
1.916225643561695335e-01
1.727948351785602021e-01
1.789165531145959775e-01
1.818185972666537253e-01
1.287319958306651912e-01
1.226760639530164454e-01
1.949624269694885115e-01
2.077343672657798734e-01
1.554703558782586370e-01
1.864010430524256634e-01
2.026822589132271091e-01
1.780326522792501365e-01
1.785583445187910456e-01
1.738616749928523220e-01
1.809182463330127888e-01
1.716773942592917379e-01
1.853059567009961439e-01
1.188882316718671284e-01
1.936509230607952881e-01
1.894828219846663719e-01
1.780440908601730321e-01
1.873542215494413687e-01
1.754960127992737373e-01
1.768629587995813601e-01
1.729013501337761660e-01
1.732483956244537104e-01
1.549195650025321225e-01
1.685891325703881005e-01
2.028287989487043141e-01
1.825184524206138192e-01
1.819456502560252709e-01
1.779709404163098974e-01
1.516926749288951548e-01
1.783827309851111487e-01
1.769146554387677206e-01
1.987266792988928721e-01
1.753612756706264264e-01
1.695504320950202981e-01
1.885444442237540486e-01
1.826728746352541677e-01
1.705908522367538538e-01
1.095510343094527883e-01
2.135420288640279551e-01
1.781944031352376001e-01
1.618229783969153956e-01
1.907241971022468618e-01
1.932842458752865866e-01
1.804026513940550913e-01
1.683314926553274304e-01
1.927434954696538583e-01
1.710372074542183540e-01
1.930973708935629918e-01
1.546840688645287343e-01
1.425980453947880977e-01
1.930402712154590250e-01
1.740210358328825313e-01
1.739525445863191466e-01
1.863508676976396439e-01
1.601078011982215443e-01
1.772937272627852501e-01
1.794442452649358533e-01
1.778316677444218286e-01
1.704114540844865466e-01
1.776696059191928967e-01
2.014564262047739973e-01
1.739454347180551252e-01
2.044720978835967706e-01
1.267323875625696594e-01
1.915861615935656737e-01
1.710002597532289670e-01
2.091311771367099226e-01
2.120719136251048020e-01
1.841181552848949465e-01
1.719938918742482947e-01
1.790215082169321903e-01
1.354445548448124370e-01
1.578001997909055376e-01
2.792553016937517896e-01
1.717751598984058603e-01
1.590378098877138768e-01
1.943965109175724848e-01
1.868666803652585529e-01
1.720489879817268530e-01
1.705550591474240818e-01
1.885318298186664521e-01
1.690847696943968970e-01
1.874011757354427099e-01
1.632733304507687500e-01
1.431334648335405024e-01
1.962146947799441876e-01
1.708842805872320403e-01
1.742347189536561647e-01
1.875736137622417976e-01
1.667117321884268311e-01
1.753886531602655285e-01
1.767480325729553492e-01
1.804270037649757796e-01
1.698183099010421859e-01
1.751975857393399671e-01
2.004741644656529154e-01
1.708106226652055248e-01
2.047681111617132288e-01
1.259396954499201193e-01
1.702658373230896416e-01
1.714030888259170382e-01
1.873915821388938419e-01
2.030629740447373877e-01
1.770065917131296018e-01
1.806585509411839929e-01
2.007627472637594224e-01
1.742575159823562814e-01
1.494868043712989092e-01
2.017943005575357773e-01
2.062028705256100380e-01
1.515762381975589435e-01
1.940166291422800171e-01
2.062835953266830558e-01
1.725777212359460577e-01
1.746898383053769876e-01
1.771798366602590491e-01
1.766775156842941286e-01
1.763712341326586497e-01
1.839512282415956546e-01
1.133457141445772254e-01
1.960498032309320182e-01
1.841707619010439778e-01
1.819378936841679062e-01
1.781450678510396735e-01
1.762695851683879766e-01
1.865614424167574281e-01
1.766090356458391852e-01
1.728179376590299743e-01
1.685645039450611726e-01
1.619094871654109813e-01
1.932236202724717522e-01
1.825710705436942582e-01
1.926671335260388140e-01
1.703506007610067208e-01
1.750884947655593216e-01
1.584347268041459422e-01
1.805444778173161957e-01
2.000477434471790161e-01
1.811442684450526031e-01
1.679607190132190730e-01
1.827530310498981514e-01
1.563573127033821564e-01
1.901042571598274833e-01
1.043440589528312756e-01
1.775245881545224336e-01
1.792933276882164861e-01
1.513909154160097970e-01
1.896625036042687285e-01
2.058351764966204200e-01
1.689840076146644776e-01
1.755663495836454757e-01
1.773126708965264697e-01
1.765798831500093868e-01
1.883062957882586375e-01
1.854156992558287920e-01
1.234675215628133760e-01
2.072019021427939922e-01
1.620426326526944738e-01
1.803237308404226358e-01
1.788395670169468099e-01
1.712086695184749097e-01
1.737191821909449541e-01
1.770172910351921480e-01
1.827633236862418187e-01
1.601751630942045423e-01
1.703583811153386307e-01
1.917068532212846677e-01
1.731391604454906030e-01
1.760138846741803320e-01
1.783421106375833176e-01
1.976962262767374412e-01
1.758470385074715203e-01
1.872561688456402251e-01
2.023623325034149545e-01
1.574884053751324231e-01
1.588239006336999992e-01
1.777084429910336105e-01
1.411545263918627668e-01
1.907082909222745926e-01
2.049625008750703969e-01
2.095951630263179766e-01
1.625551508450415739e-01
1.884548695192345136e-01
1.961184210137236761e-01
1.808171032623517860e-01
1.746467808772615982e-01
1.637732787666932310e-01
1.829312551797803721e-01
1.700462433432656795e-01
1.857210199504202297e-01
1.225648925299591685e-01
1.922451425680315462e-01
1.947988318912963202e-01
1.841161415214103148e-01
1.811416340532711056e-01
1.747758090965940703e-01
1.621424061963023799e-01
1.774753851739170329e-01
1.671951448899755555e-01
1.482956667060808531e-01
1.687264683367923901e-01
2.002765710204990057e-01
2.004033461009933070e-01
1.808414885272404682e-01
1.885188411180207524e-01
1.060370550300380188e-01
1.995146365550417578e-01
1.936551813670197575e-01
2.045242813412802008e-01
1.780827553692492238e-01
1.780649039286528179e-01
1.596787492168791900e-01
1.786581022334594593e-01
2.100124029575605178e-01
1.357990946193794457e-01
2.186032980852727903e-01
1.620091008039672431e-01
1.561259359726525631e-01
1.900937903936039675e-01
1.876027912772917361e-01
1.704340490833935462e-01
1.695578614935602246e-01
1.891940875285396118e-01
1.718557567816940690e-01
1.931399311055466139e-01
1.651930242965367057e-01
1.480273009452007793e-01
1.994996643132019298e-01
1.709552646597203296e-01
1.806440896166999766e-01
1.721707998929755679e-01
1.673213707908292047e-01
1.905606621070781159e-01
1.626042637293418913e-01
1.662911588028213039e-01
1.711395796825139204e-01
1.803658613029175406e-01
1.993809032267521708e-01
1.691543241878883386e-01
2.035678170574262147e-01
1.402882219234742323e-01
1.767153468739510735e-01
1.781838883106492410e-01
1.917403863295339406e-01
1.746388463848571604e-01
1.644037901782358091e-01
1.576286916817783990e-01
1.599427049992363514e-01
1.597345219722487997e-01
3.603210973511057347e-01
2.089631336301511766e-01
1.674062514065735030e-01
1.798342323549801947e-01
1.951710092791696383e-01
1.807553677782953727e-01
1.794511982271149719e-01
1.570660732916620006e-01
1.913095538081002189e-01
1.684365868524393406e-01
1.868905411467921551e-01
1.413640552180599752e-01
1.672968000064707916e-01
2.004778507323812797e-01
1.905682232044856317e-01
1.739150251265996205e-01
1.600750549334886141e-01
1.581320059673505529e-01
1.684896491092393589e-01
1.514188134522260754e-01
1.760722836222725629e-01
1.708095066727364220e-01
1.947486149514459086e-01
1.959106664439467238e-01
1.567502383674437283e-01
1.597740244874339410e-01
1.892312187411131497e-01
2.196160328403848894e-01
1.723382929801280383e-01
2.092274830061375823e-01
1.886553126674863634e-01
1.650135095305085287e-01
1.344457227151845125e-01
1.499048658624833052e-01
1.311435178483417729e-01
1.880822675105022768e-01
2.717767675611693079e-01
1.934842383329593574e-01
1.490036836865185066e-01
1.895491348085167616e-01
2.011377053015968031e-01
1.726476488666008891e-01
1.742913899296869573e-01
1.758727445202437067e-01
1.773198791154966258e-01
1.751892539956454442e-01
1.768727230595085187e-01
1.539317576621386241e-01
2.005204943646056726e-01
1.713514588745809197e-01
1.748043552680709212e-01
1.885511422217802657e-01
1.538408045002994662e-01
1.730698654228388644e-01
1.565819201626790225e-01
1.617023735644884663e-01
1.539083255583790777e-01
1.834916746199020121e-01
2.053974454469287281e-01
1.750846283856604124e-01
1.744075622422021077e-01
1.837438774654187590e-01
2.088449533596627994e-01
1.802101313889070688e-01
1.927046748397960307e-01
1.882331868102977701e-01
1.558779612303595741e-01
1.414547785210920061e-01
1.482270582227855904e-01
1.466565483903234934e-01
1.152965134612440323e-01
3.092181869388790361e-01
2.089671767819689663e-01
1.641562115181622872e-01
1.839514420430603536e-01
1.935706878589522617e-01
1.795536800855481729e-01
1.813368895934592828e-01
1.604155352490783670e-01
1.895754298430150087e-01
1.649955786842820515e-01
1.911277124412547324e-01
1.455228665473625171e-01
1.699627790436318842e-01
1.973934253102193059e-01
1.855999496938698368e-01
1.744986743570260401e-01
1.768356729955657958e-01
1.434231108071224448e-01
1.473691607005682691e-01
1.593982703924581301e-01
1.712596881394994330e-01
1.793643003974243477e-01
1.992371980667724252e-01
1.938719722534476553e-01
1.664805276932530553e-01
2.073616249473309026e-01
1.304015507606046675e-01
2.042848564161747760e-01
1.840132538232950310e-01
2.092471752833553467e-01
1.916572032032033412e-01
1.557263093045300195e-01
1.351784871110819353e-01
1.718065869734379802e-01
1.066187718223519099e-01
2.218465922635912690e-01
3.088498262527208382e-01
1.706563947128456604e-01
1.608103440166690490e-01
1.934904340264029798e-01
1.948108937372943217e-01
1.750037016916570209e-01
1.536336555094477418e-01
1.900711174296629835e-01
1.792309610787254925e-01
1.874851830261692054e-01
1.562848407083727298e-01
1.655258877861811584e-01
1.941928456619973486e-01
1.793471916563725843e-01
1.779283255376769013e-01
1.755816775316574319e-01
1.491948334000949838e-01
1.433215103787595091e-01
1.566904934265680449e-01
1.648880641769321365e-01
1.487890699245975057e-01
2.085759667814586216e-01
2.030291494156788445e-01
1.578149792483949376e-01
1.779394645836234190e-01
1.843427448358503362e-01
2.551117805934621785e-01
1.714100089287931006e-01
2.124159157325937741e-01
2.087351634459402305e-01
1.562304571934642894e-01
1.077893962724152388e-01
1.851803526838224911e-01
9.304928542093637844e-02
1.315423472177554842e-01
1.094734439641111834e-01
2.384979802947864158e-01
1.995140887300159704e-01
1.634600987886143386e-01
2.005302962164590141e-01
2.039358881931851997e-01
1.787294376454386935e-01
1.598476067569043479e-01
1.892904870311467036e-01
1.818696104518471302e-01
1.841305577158025009e-01
1.627052422371569051e-01
1.708127509720676618e-01
1.957379287718989391e-01
1.835250891930861883e-01
1.761391814352033514e-01
1.623702631392485163e-01
1.567048308977552207e-01
1.343089717483603174e-01
1.449650744158561544e-01
1.560888796845807391e-01
1.457172475709243020e-01
1.989697380269168647e-01
2.100357326365878130e-01
1.770216138519167259e-01
1.758011153089360512e-01
1.820592933547162673e-01
2.726179563403507977e-01
1.860001558911275055e-01
2.186270513984318598e-01
2.036576923125910099e-01
1.645903629745966157e-01
2.055914828191740540e-01
1.390680550246852221e-01
5.443939433047617626e-02
1.184848352288714324e-01
2.448897659894084811e-01
2.181617287075576783e-01
1.678528110927999251e-01
1.984665194325128112e-01
2.068856757387900203e-01
1.780259347801864678e-01
1.782301149468112911e-01
1.738243454341281691e-01
1.802879166268969158e-01
1.673188262354416977e-01
1.774937423432810246e-01
1.677144530672685652e-01
1.992928855242639963e-01
1.734360912660928289e-01
1.768574751729493633e-01
1.793618508049774629e-01
1.659601390392575482e-01
1.486824398113446577e-01
1.051672052843781735e-01
1.441313660699015120e-01
1.612867786801563952e-01
1.806769052335959191e-01
2.274023257099471174e-01
1.871385283938229449e-01
1.504762952450926505e-01
1.393256052835645242e-01
3.520956043930136836e-01
1.707809521092031879e-01
1.815117833776462852e-01
2.310318513701687948e-01
1.465862804336830472e-01
1.276033381985270942e-01
2.256931604500707067e-01
9.710219899767569274e-02
1.174889492739357166e-01
1.013880350637883510e-01
2.241289148534457709e-01
2.142125742235068131e-01
1.603781467106406566e-01
1.985202325804165113e-01
2.049887729985844231e-01
1.771117111672912969e-01
1.741713775174558165e-01
1.886700086619432781e-01
1.801345230360693606e-01
1.707941286665636549e-01
1.795224294155582934e-01
