1.146273637642050147e+00
9.688720412474012278e-01
1.046382439745173087e+00
1.141637182738747924e+00
1.049078662339010037e+00
1.019786497326705899e+00
9.379868592370854685e-01
1.065686101316764223e+00
9.110533048932296651e-01
1.019037575422211406e+00
8.580457621456216710e-01
1.021274586092234316e+00
1.060122715385245495e+00
1.023242300602813515e+00
9.956140252030563076e-01
1.019235195210978162e+00
9.686988935371116938e-01
1.011259498264262646e+00
9.783952835994913499e-01
9.444257711390378063e-01
9.831462405576445462e-01
1.046293567314974027e+00
1.089066585818775579e+00
1.025259317765755185e+00
9.938936468124985879e-01
8.116855288168132176e-01
1.052132984954202044e+00
1.035135572042619856e+00
1.066736863893876119e+00
1.017143568488368288e+00
9.900522933210496035e-01
9.494074496872428881e-01
1.020063358953137822e+00
9.835398690895686968e-01
9.198814535040611418e-01
9.688050466635651503e-01
1.048650044549816585e+00
9.407872955224370060e-01
1.030859616239801824e+00
1.085530882883098514e+00
1.015502914550033609e+00
1.026865853403862161e+00
9.747347029957964537e-01
1.006521944692543968e+00
9.698810004774642834e-01
1.055651268935756670e+00
7.328963475806586914e-01
1.057838042783548538e+00
1.090275623729637822e+00
1.048170839797107234e+00
1.034734792202591791e+00
1.003755743204127526e+00
9.081800127223820240e-01
9.486905157462111049e-01
9.380906175020538029e-01
8.515691374098945943e-01
9.533016772814200124e-01
1.170389544565228590e+00
1.136350369524830484e+00
1.031477898178618346e+00
1.002068118115847284e+00
6.697385734270469015e-01
1.360409558617156733e+00
1.010437469175606395e+00
1.186728590810940176e+00
1.052628636671968820e+00
9.566006649402112316e-01
1.124325814283956504e+00
8.700359725676385381e-01
8.646247830822346714e-01
1.088332271526276429e+00
1.220373491634614282e+00
1.010056838448669225e+00
1.032661766336225639e+00
1.105938250246712329e+00
1.071641190168662661e+00
1.008398621735942413e+00
9.391054409411054849e-01
1.104126806246050307e+00
9.257997727168287838e-01
1.051369977979738968e+00
7.960244409414654054e-01
9.097243389750093723e-01
1.110112173002049119e+00
1.043457534526860631e+00
9.764050076610200080e-01
1.064259725105649146e+00
9.279305242931430442e-01
9.688788495547600021e-01
9.575047490401900063e-01
9.161616884097103508e-01
9.313143422796041904e-01
1.119929759127103353e+00
1.189965186918691131e+00
1.059976885416064718e+00
1.154733349841720269e+00
4.309397921900384176e-01
1.002299123472539577e+00
1.093812171637804198e+00
1.233565244967863350e+00
1.214012914024777956e+00
1.025544556759221848e+00
1.125141680125583576e+00
1.057059537278270511e+00
8.783136964452111783e-01
4.101724049676320760e-01
1.007714375823887565e+00
1.157604287888648997e+00
9.596873408059636290e-01
1.065627423709056387e+00
1.172962932268681868e+00
1.049117982955461770e+00
1.007334893524785002e+00
9.362797356251206793e-01
1.066458526003934537e+00
9.645172827545991368e-01
1.058912942286262648e+00
7.458025645874659659e-01
1.015696341477088982e+00
1.092405493550100193e+00
1.020328045928399874e+00
1.015717386443456327e+00
1.039423215244791088e+00
8.746873981204723592e-01
9.075721120807500597e-01
9.366156922887984848e-01
8.312031293986734681e-01
9.863051476663695638e-01
1.206339210158871467e+00
1.090657393885170023e+00
1.041231554361099043e+00
1.042849666340369907e+00
6.908375749711517244e-01
1.307478214781799153e+00
1.070047059930288924e+00
1.160309060860459596e+00
1.053551648004305008e+00
9.393429847465775140e-01
1.135243758621168553e+00
8.500718469696124657e-01
1.040787725468099723e+00
1.278938549845012318e+00
1.255315474082628668e+00
9.238673382412549984e-01
1.080983916748483153e+00
1.163425871787808319e+00
1.043211219948666724e+00
9.950551161956511237e-01
9.839058549303771883e-01
1.063421151348123317e+00
9.840085252598740340e-01
1.044979312090851264e+00
8.267262065635201385e-01
1.064970303178804034e+00
1.086653817467545302e+00
1.026942284505240721e+00
9.861402548429278880e-01
9.947587917065021657e-01
8.371139361976824844e-01
8.476800010041873890e-01
9.468360294438742386e-01
8.309487922967697671e-01
1.012858284405227849e+00
1.280904645005461973e+00
1.040220340817576528e+00
1.061423678925676128e+00
1.088265559449705933e+00
1.134874951269011945e+00
9.806003527338909009e-01
1.020580715165554153e+00
1.317011684026908824e+00
9.503837863173991707e-01
8.842062895152338342e-01
1.142426613671812419e+00
6.428258912558781901e-01
8.777192336995121025e-01
1.353990920838665346e+00
1.222522357137666660e+00
9.217758257003261235e-01
1.062111103522045852e+00
1.157881237480520298e+00
1.026712688527904760e+00
1.047237406961471606e+00
9.833187520983699415e-01
1.033433360400501044e+00
9.319340906805209102e-01
1.037625672929056053e+00
8.610240423647921304e-01
1.072039549844033601e+00
1.096850661739405375e+00
1.002008941018898369e+00
1.026890556296684132e+00
1.027119779883090445e+00
8.508257727529633385e-01
9.326915730816800476e-01
8.921582754718997421e-01
7.691968354514173711e-01
9.935822273454135711e-01
1.253043792718440130e+00
1.082129392452170435e+00
1.090835874217725987e+00
1.046148291710524703e+00
1.033485778490728535e+00
1.083898798537450858e+00
1.032969062838315466e+00
1.341334009851710363e+00
1.158718546462274901e+00
1.020392550471974857e+00
1.086307197671555258e+00
5.883960124335025910e-01
8.345145877532544887e-01
1.172107068766070626e+00
1.192214687189245836e+00
9.711786839926688231e-01
1.068554210989507425e+00
1.176243644931680876e+00
1.027701032438699258e+00
1.010878837106197636e+00
1.021271083565814308e+00
1.033042558398904021e+00
9.640678345876096955e-01
1.024400464174213488e+00
8.433695450822142892e-01
1.108609007146521996e+00
1.038721260628965304e+00
1.030676769057130571e+00
9.889757909983947215e-01
9.650977207700028870e-01
8.747524610537418255e-01
8.072991404548286454e-01
9.130372518349005873e-01
9.061344369193058412e-01
9.980979437968127144e-01
1.268132540607764369e+00
1.048094070393268851e+00
1.070203520324387370e+00
1.047314869130227422e+00
9.083364593748868288e-01
1.167854589822603373e+00
1.033123551494675496e+00
1.247276015446157515e+00
1.139666990027450311e+00
9.466363360769598501e-01
1.272071428984805408e+00
6.565546107348794180e-01
8.211570281088889089e-01
5.396674806567034466e-01
9.509437270029117428e-01
1.125390131619788292e+00
8.816914246375304742e-01
1.063668276469041274e+00
1.190930952706860779e+00
1.023043581074908559e+00
9.927779314508526909e-01
1.041304060877934035e+00
1.024095131845008666e+00
1.003757838048862538e+00
1.027220895661499434e+00
8.402796006001647111e-01
1.111111878188719704e+00
1.002823499798529028e+00
9.707198395589546891e-01
1.036135417994382024e+00
9.845954887141097345e-01
8.334453586144139337e-01
8.720194792581210663e-01
9.138011242231485198e-01
8.439342490765966431e-01
1.055904728704437190e+00
1.238114955509711734e+00
9.810041435207974558e-01
9.828985810015442581e-01
1.046083767119780461e+00
1.438797830570656799e+00
1.045720690163722821e+00
1.218325182444853994e+00
1.287143405830843079e+00
8.967794927237839886e-01
1.048026932263621092e+00
8.778820982760997538e-01
4.883456265562173826e-01
8.282512101004506633e-01
1.070649975075600224e+00
1.127142666066067278e+00
9.835918019496503462e-01
1.066416350605898344e+00
1.156701641273372161e+00
1.096310167912836420e+00
1.014177290317853419e+00
9.204505435813530312e-01
1.078254181448670579e+00
9.541128123305853137e-01
1.045944525635754685e+00
8.041732389704783213e-01
9.409622308080149988e-01
1.073191719249107390e+00
1.038405924929167057e+00
9.578006435728667611e-01
9.834058151600215680e-01
8.675129985090865858e-01
7.548137313518505920e-01
9.299351249128964270e-01
9.901513505689027994e-01
9.317017648961929410e-01
1.209616218260727294e+00
1.095923684143921051e+00
8.337504030456361903e-01
1.059184538536459996e+00
9.848533059522495137e-01
1.371688625122182259e+00
1.075605234869378535e+00
1.247859974981050613e+00
1.104155540730392460e+00
9.587118644899526032e-01
1.110269194100069967e+00
8.478917735289570601e-01
5.806211341708724660e-01
8.787675284206351023e-01
1.567700292629588432e+00
1.062788772716704244e+00
9.110135333506867994e-01
1.157439395813394611e+00
1.154811172522958174e+00
9.637902456676599172e-01
8.852216874911036371e-01
1.077093206436572359e+00
1.018825912315875826e+00
1.042804488601779989e+00
8.963154300503393124e-01
9.422622487715188733e-01
1.123718931016603584e+00
1.046947790835233150e+00
9.306278404163217388e-01
9.342987062532328579e-01
9.176932899440792823e-01
7.949559037830189467e-01
9.009404894298125299e-01
9.964062245288598518e-01
8.687624380861862505e-01
1.137679998646229151e+00
1.143078781834596214e+00
9.620234884152889521e-01
1.017634136524366184e+00
1.035712086943156862e+00
1.219205892049430418e+00
1.082472199743111929e+00
1.217671245701296812e+00
1.241403206103154133e+00
1.009480234405447874e+00
1.011595097069296401e+00
9.853721087497824271e-01
7.559966606641950193e-01
1.103093244448064780e+00
1.411367443756819995e+00
9.904667963636875072e-01
9.975503872360569346e-01
1.120723497987885509e+00
1.079239520618731518e+00
1.012385051333005492e+00
9.330108139158141967e-01
1.085494058737872081e+00
1.013621385324356083e+00
1.002369552684563070e+00
8.225264299254904099e-01
8.689320948901517738e-01
1.090316162698172775e+00
9.932138099948302212e-01
1.012315060688155910e+00
9.603647125907697202e-01
9.494461604159525336e-01
9.103974886130643540e-01
9.847453643484627150e-01
9.976164342918814043e-01
9.431192230845635294e-01
1.109689854971906087e+00
1.079364946032466577e+00
8.204808754254546699e-01
1.127566063345833314e+00
1.057977381572124287e+00
1.263827158711432475e+00
9.840568332773251825e-01
1.243497707200781122e+00
1.126170682111634846e+00
9.592567160288076877e-01
1.100739758609321939e+00
9.611892712550620388e-01
9.142510151601044299e-01
5.378253699932038501e-01
1.142720297551939268e+00
1.167928347006228051e+00
8.860073954014815456e-01
1.098570284852982581e+00
1.149185401867249823e+00
1.025325306885982002e+00
9.960150557950697703e-01
1.003725110242598362e+00
1.014538794761648433e+00
9.449279983955634066e-01
1.056972669468488446e+00
7.549692883896808038e-01
1.075142176000452032e+00
1.044995989848265694e+00
1.007594617172346219e+00
9.826459872010477881e-01
1.015489898332108787e+00
9.263753263915477376e-01
9.254161948709871410e-01
9.544565373789009044e-01
8.132720290594743773e-01
1.000770885618640804e+00
1.258842022976544683e+00
1.012781502091325336e+00
1.003451880097411930e+00
1.002754125725681789e+00
1.394791596140535717e+00
1.005311584950000281e+00
1.074330979800286912e+00
1.273661865397428983e+00
1.055277494528709781e+00
9.829202452761691688e-01
9.949946979117605395e-01
5.923355410738260218e-01
8.075993860117272050e-01
1.871539362165613340e+00
1.108981118269330324e+00
9.568567007465880181e-01
1.146555682890351591e+00
1.105637808634018171e+00
9.542826596144706741e-01
8.972395267115018669e-01
1.106107625202596978e+00
1.001188264681445617e+00
1.118909764733866608e+00
8.548320926154382438e-01
8.976527028929510710e-01
1.102938055073199752e+00
1.001518306124901780e+00
9.844308896928319896e-01
9.963615468299940048e-01
8.927632283405930735e-01
9.099910972203764103e-01
1.014881010992361610e+00
9.860456670745119112e-01
9.421390614398426067e-01
1.130689769357021035e+00
1.095270408337022161e+00
8.953172275725567175e-01
1.069022255181298675e+00
8.574534888592086901e-01
1.233895354778439923e+00
1.021218208182204989e+00
1.216004333996846043e+00
1.119375741172486727e+00
8.955456554401237668e-01
7.822655435340770680e-01
1.130644412625482431e+00
5.866207125877416217e-01
1.634520951764535823e+00
1.326261006514425134e+00
9.823287463284202659e-01
9.909713204856060997e-01
1.133773481625912183e+00
1.074236618858201098e+00
9.470008582211448811e-01
9.274133883864834615e-01
1.109091194998647723e+00
9.347638665643671629e-01
1.043049844632000900e+00
8.483252004079449016e-01
9.311666383913925760e-01
1.083674312144523810e+00
1.031268122511705965e+00
1.002878855896570442e+00
9.849899159922053116e-01
9.635711256668013647e-01
9.132043079183649326e-01
1.058054432967129088e+00
9.559491999186970901e-01
9.551400722689180611e-01
1.098169163914244351e+00
1.133774524048533294e+00
9.919654055211672983e-01
1.107358646928336299e+00
6.093799774415593618e-01
1.128769591393236738e+00
1.040588115609065056e+00
1.193114613478371666e+00
1.169904703407212310e+00
9.714746055751817266e-01
1.019768957656630448e+00
1.170175313856987032e+00
1.124011390567542179e+00
1.186159042801914865e+00
1.215043414094733265e+00
9.473543914486626250e-01
1.066604392798858214e+00
1.134913071074198143e+00
1.050855848786980573e+00
1.013807282374727947e+00
9.224716523130851442e-01
1.087798085935965275e+00
9.108705589314070039e-01
1.063933738037170063e+00
7.386048523928583354e-01
9.610450275109179152e-01
1.131092967230580726e+00
1.023008626123651510e+00
1.023923245159926942e+00
1.029186311687493749e+00
8.993291694518843471e-01
9.217471866316451212e-01
9.127983987853198755e-01
8.966597180234856523e-01
9.904566293158598711e-01
1.225577664715414627e+00
1.138011942412397559e+00
1.023674261895443749e+00
1.058293675941079925e+00
6.496173257168180726e-01
1.280550764369525751e+00
1.035390456054884112e+00
1.213694770772075771e+00
1.071306699516732408e+00
9.827565106085387470e-01
1.160042779094112575e+00
8.434043633344394664e-01
9.476458544938637374e-01
1.249113321361310369e+00
1.196714180227683499e+00
9.312355644276024691e-01
1.073216068461995576e+00
1.136288970584669045e+00
1.025489112448500606e+00
1.023524753027022172e+00
9.470274643249396718e-01
1.061790219670157853e+00
9.459273974539499363e-01
1.079873985866446340e+00
7.621958330804108339e-01
9.728256358466564890e-01
1.084908192872987343e+00
1.074817052900885805e+00
1.015214576854393869e+00
1.026038617865334679e+00
9.395807158532418768e-01
8.986805847594201424e-01
9.738800757698520272e-01
8.535623503511882149e-01
9.773234573103337652e-01
1.200397712844136322e+00
1.111999117293397177e+00
1.027556004879228269e+00
1.059188847727556393e+00
7.088142606314242755e-01
1.226590835423973402e+00
1.049780692364720380e+00
1.186000421883953493e+00
1.037676902700884085e+00
9.949694215773732253e-01
1.092647511331421128e+00
8.993416240858529420e-01
9.935455054943993503e-01
8.831571412805629961e-01
1.245788037758778444e+00
9.726341143083345742e-01
1.005074150920197695e+00
1.084434239840554426e+00
1.097247011049503840e+00
1.020103424299573902e+00
8.812669864580655599e-01
1.057261537418206387e+00
1.012125369207929282e+00
1.071150860981497477e+00
7.992069604687873641e-01
8.948127043853675300e-01
1.072125693518880762e+00
1.040259015316365776e+00
9.919269865948052711e-01
1.026546426216849994e+00
9.095178661578025014e-01
9.258962247688033997e-01
9.407395600969206129e-01
9.847781567800630853e-01
1.001009534427067749e+00
1.140587096949642998e+00
1.103461652405563598e+00
9.118084141640192541e-01
1.007948555208654895e+00
9.154448340489231839e-01
1.207340863490426131e+00
1.038927664929328643e+00
1.223753946778469270e+00
1.112593423395058068e+00
1.004099361893327824e+00
8.912470604039803845e-01
1.037727472116930727e+00
8.027587127221131880e-01
1.465579012253041213e+00
1.206929397682227290e+00
9.614641513240833604e-01
1.025958926947321714e+00
1.105278898232818108e+00
1.091924339222579476e+00
1.006781885590939396e+00
8.858034850355238632e-01
1.082820411433480956e+00
9.533697015602129454e-01
1.098259213344269014e+00
7.916607616732038721e-01
8.779695097294459849e-01
1.138581173420308179e+00
1.029437299670534323e+00
1.010660824932874569e+00
1.003870483159648330e+00
9.018812069941333220e-01
9.185175575454795904e-01
9.547227138303018279e-01
9.671622024479873403e-01
9.930024915226152160e-01
1.135662383196946124e+00
1.088451133210668331e+00
8.865036845152740597e-01
9.712923424488870694e-01
9.175048143786721511e-01
1.299374303927592678e+00
1.014380256610504460e+00
1.187023696672056872e+00
1.091161558062626824e+00
9.839503098818767057e-01
1.018809374123854639e+00
1.035334562737030950e+00
7.330420903981469394e-01
6.985576334901750784e-01
1.110179828197509266e+00
1.182907433738161984e+00
8.852990581910553658e-01
1.061428507884571104e+00
1.154139076316397450e+00
1.013776153657836687e+00
1.016769617215146582e+00
9.900252447303756753e-01
1.030207670030762301e+00
9.775872357908426125e-01
1.055192728014626047e+00
6.769884775430856649e-01
1.102711695969849526e+00
1.078977165124423099e+00
1.013841288678984043e+00
1.066856218015731272e+00
9.993316987654070616e-01
1.007115536396923083e+00
9.845568408761806722e-01
9.865330314130247302e-01
8.821626747899493637e-01
9.600016636141468496e-01
1.154973523209264386e+00
1.039319766894898578e+00
1.036058044015474522e+00
1.013424746125309639e+00
8.637877072474928752e-01
1.015769616314049273e+00
1.007409913969578241e+00
1.131614712186742366e+00
9.985644614845661238e-01
9.654756175328138568e-01
1.073633735225712371e+00
1.040199097494049596e+00
9.714001101243212588e-01
6.238194217163801625e-01
1.215978158470068848e+00
1.014697215937896857e+00
9.214729686516029972e-01
1.086045961077502398e+00
1.100623716141427622e+00
1.027271703805634928e+00
9.585345776679687901e-01
1.097544506461112235e+00
9.739418027280777324e-01
1.099559588871734661e+00
8.808216827532071580e-01
8.119999119751499794e-01
1.099234444628236940e+00
9.909326974778420727e-01
9.905426859175383569e-01
1.061142793002876061e+00
9.117061886757298339e-01
1.009568472923749738e+00
1.021814225827395006e+00
1.012631681977758547e+00
9.703785583670985204e-01
1.011708848937120209e+00
1.147158783924561831e+00
9.905022000021244111e-01
1.164331004840851946e+00
7.216556668803253416e-01
1.090954268825612417e+00
9.737314104336576293e-01
1.190861326016989352e+00
1.207606841448896517e+00
1.048428998240858334e+00
9.793894767316189132e-01
1.019407022805662422e+00
7.712655969933841504e-01
8.985659514836541462e-01
1.590171027703359385e+00
9.781439453175053700e-01
9.056133081769743853e-01
1.106957317095979221e+00
1.064079999046217750e+00
9.797032119886388557e-01
9.711962925663399915e-01
1.073561904677177381e+00
9.628239835130827373e-01
1.067123590508772368e+00
9.297317476327732200e-01
8.150487653863818238e-01
1.117310650706639930e+00
9.730709871275764478e-01
9.921494790597940039e-01
1.068105509035034650e+00
9.493111317721840692e-01
9.987203578653049973e-01
1.006461108872018784e+00
1.027410374170914409e+00
9.670010013787688763e-01
9.976323574755152634e-01
1.141565464300198229e+00
9.726515548272516298e-01
1.166016601267566344e+00
7.171418187142268863e-01
9.695493688988356951e-01
9.760252509323663617e-01
1.067068961432116936e+00
1.156306992800935518e+00
1.007933429186653740e+00
1.028728879527555762e+00
1.143208749143344249e+00
9.922792927977539534e-01
8.512267587882185182e-01
1.149082751002385550e+00
1.174186590372006123e+00
8.631246784147101891e-01
1.104794146014324241e+00
1.174646263793082568e+00
9.827139920781959859e-01
9.947410775106177994e-01
1.008919942581208318e+00
1.006059562643052629e+00
1.004315495308340189e+00
1.047478461057193888e+00
6.454275698755207458e-01
1.116371704293225520e+00
1.048728557519975624e+00
1.036013875558270847e+00
1.014416284692908121e+00
1.003736672858060786e+00
1.062341874329091773e+00
1.005669614905388087e+00
9.840818629621157498e-01
9.598614201659128042e-01
9.219655778750297515e-01
1.100278494129355522e+00
1.039619391698249018e+00
1.097109676577417758e+00
9.700320396390722522e-01
9.970111577889291254e-01
9.021791558404856914e-01
1.028079309848795475e+00
1.139137283545636592e+00
1.031494713864866242e+00
9.564232712757885224e-01
1.040655534336892174e+00
8.903496804624353445e-01
1.082515820273108886e+00
5.941692009189765145e-01
1.010883070352136315e+00
1.020954851782875039e+00
8.620693898805029676e-01
1.080000331037371808e+00
1.172092820304211358e+00
9.622502112734458990e-01
9.997322194216380353e-01
1.009676344170429729e+00
1.005503611058827573e+00
1.072277640139525090e+00
1.055817638016844695e+00
7.030644519932440772e-01
1.179875403167215175e+00
9.227237518293414098e-01
1.026822304359619409e+00
1.018370990102943630e+00
9.749181638044071008e-01
9.892138441092406254e-01
1.007994354626049471e+00
1.040714143974785344e+00
9.120897693444351972e-01
9.700763435214661001e-01
1.091641526430105813e+00
9.859110105749628872e-01
1.002280630608577638e+00
1.015538310768970831e+00
1.125746975634193348e+00
1.001330553962674230e+00
1.066297873848849775e+00
1.152317310696215458e+00
8.967904920973630567e-01
9.043952389183864682e-01
1.011929999927158264e+00
8.037800426209429361e-01
1.085955386086091323e+00
1.167123519877126370e+00
1.193503413434644500e+00
9.256421980529125904e-01
1.073123667559752192e+00
1.116762436392200186e+00
1.029631728304163829e+00
9.944958944315445137e-01
9.325786168685965549e-01
1.041670400826646414e+00
9.682989289521017895e-01
1.057556233917272825e+00
6.979245870449228839e-01
1.094706722036159041e+00
1.109248264312997723e+00
1.048417531212905374e+00
1.031479712776393498e+00
9.952306233154510906e-01
9.232918950209452191e-01
1.010602892487078464e+00
9.520638418112206125e-01
8.444440313207479676e-01
9.607836983883437654e-01
1.140440302593894728e+00
1.141162201368294049e+00
1.029770585978464936e+00
1.073487942767306080e+00
6.038096743340233274e-01
1.136101598531229939e+00
1.102735944158315107e+00
1.164628154517259873e+00
1.014061457040195791e+00
1.013959805098522793e+00
9.092630263580545602e-01
1.017337670271590611e+00
1.195879314075519062e+00
7.732844624339563211e-01
1.244798680874531271e+00
9.225328105149692703e-01
8.890321456780974074e-01
1.082456219082725823e+00
1.068271655349221305e+00
9.705072216813306341e-01
9.655179229581349887e-01
1.077333016690900536e+00
9.786028903328798378e-01
1.099801940639521192e+00
9.406631122911544018e-01
8.429158689002294036e-01
1.136016341689020326e+00
9.734751936540586570e-01
1.028646532015877746e+00
9.803968488539824833e-01
9.527826133771162276e-01
1.085114739325377720e+00
9.259218628801448858e-01
9.469162493518439305e-01
9.745247436802859653e-01
1.027062208993253734e+00
1.135340077217959376e+00
9.632200495491609615e-01
1.159181734041110801e+00
7.988470216238674482e-01
1.006274985810929223e+00
1.014637341087464506e+00
1.091832474916611062e+00
9.944507128365529525e-01
9.361689550759280110e-01
8.975893282127707096e-01
9.107660769184313665e-01
9.095806146694869199e-01
2.051786183477247505e+00
1.189904431326350931e+00
9.532659513662267159e-01
1.024034939876532491e+00
1.111367564092709870e+00
1.029280186265271624e+00
1.021853818268244396e+00
8.943855950761445683e-01
1.089379173621267682e+00
9.591330184009265736e-01
1.064215870140742259e+00
8.049731682907799168e-01
9.526426992942760297e-01
1.141586455108666964e+00
1.085157794687127808e+00
9.903290378418931894e-01
9.115197207335699048e-01
9.004553643807202690e-01
9.594351722469465216e-01
8.622282504237119838e-01
1.002613173320359152e+00
9.726452000011089893e-01
1.108962312632346681e+00
1.115579413918755591e+00
8.925871277131847137e-01
9.098055549115802165e-01
1.077544453960310733e+00
1.250565523819176406e+00
9.813506092764896493e-01
1.191409723137592636e+00
1.074265056407583074e+00
9.396408964970355271e-01
7.655779201455672478e-01
8.536073376601294171e-01
7.467740855363587116e-01
1.071001949849986090e+00
1.547585808245770522e+00
1.101762538609694531e+00
8.484757115881791378e-01
1.079354772033266130e+00
1.145343882853460116e+00
9.831121828793385475e-01
9.924721821334614447e-01
1.001476932407420861e+00
1.009717390126937175e+00
9.975849138017380824e-01
1.007171137286678286e+00
8.765377766980610996e-01
1.141829281898590231e+00
9.757312531021460345e-01
9.953931745528290520e-01
1.073671875817279187e+00
8.760198596452513087e-01
9.855164220507113271e-01
8.916286688011112460e-01
9.207862052878912351e-01
8.764043466349971112e-01
1.044861612422767649e+00
1.169600236532575721e+00
9.969891413571527750e-01
9.931337052789981357e-01
1.046297737916582093e+00
1.189231474211347006e+00
1.026175431926162673e+00
1.097323449097103776e+00
1.071861333706259245e+00
8.876200963869891325e-01
8.054897764523616388e-01
8.440533521761466318e-01
8.351103555019321334e-01
6.565360592592917044e-01
1.760789496660681408e+00
1.189927454355245828e+00
9.347591612065251354e-01
1.047479678512665657e+00
1.102254810486929415e+00
1.022437383490302665e+00
1.032591561687134174e+00
9.134585270161039716e-01
1.079504504560375722e+00
9.395387923937406072e-01
1.088343709401104364e+00
8.286548002792526457e-01
9.678236559301762743e-01
1.124022727889577578e+00
1.056866820276366248e+00
9.936525274620944259e-01
1.006960162104115319e+00
8.166981042984362560e-01
8.391682030803409020e-01
9.076658881917456512e-01
9.752086805198807440e-01
1.021358993603122656e+00
1.134521773033418057e+00
1.103970422374402460e+00
9.479945777534393159e-01
1.180784917058975481e+00
7.425490822534364099e-01
1.163264790681719063e+00
1.047831655006948637e+00
1.191521857405088980e+00
1.091358802987443255e+00
8.867565407184372361e-01
7.697505202911045785e-01
9.783229013620271530e-01
6.071221600195393364e-01
1.263267058754561134e+00
1.758691930428913253e+00
9.717733304210618428e-01
9.157066972742775590e-01
1.101797818914675986e+00
1.109316948409343695e+00
9.965283182916948590e-01
8.748402855362797936e-01
1.082327111810087672e+00
1.020599715909334293e+00
1.067601955499585031e+00
8.899370012184427692e-01
9.425585458754137669e-01
1.105797580515147427e+00
1.021261570835582333e+00
1.013182083067740713e+00
9.998195017711379862e-01
8.495641805792386592e-01
8.161195582274922700e-01
8.922469204782412788e-01
9.389265696226409830e-01
8.472536306311351240e-01
1.187699776653927231e+00
1.156114384299591791e+00
8.986501105487132435e-01
1.013245512438762930e+00
1.049707884603577668e+00
1.452689921605944789e+00
9.760646562615953314e-01
1.209565701966429430e+00
1.188606294532117857e+00
8.896273236965903664e-01
6.137880785303906350e-01
1.054477497657810403e+00
5.298530660919738011e-01
7.490451504163893048e-01
6.233775969114603299e-01
1.358085508601906355e+00
1.136098479036348863e+00
9.307952676373467682e-01
1.141885096849065917e+00
1.161277651478197726e+00
1.017743877440054234e+00
9.102245564215039053e-01
1.077881946989457163e+00
1.035625048499099421e+00
1.048499621739076737e+00
9.264968675320689462e-01
9.726636741026584154e-01
1.114595789114437352e+00
1.045051885931841618e+00
1.002994111348370687e+00
9.245893869823742506e-01
8.923285627287338428e-01
7.647992154114593433e-01
8.254785494377365751e-01
8.888211350533143928e-01
8.297616694062792675e-01
1.132998768084659602e+00
1.196012160898659360e+00
1.008018970158401473e+00
1.001069052249484059e+00
1.036705164990227246e+00
1.552375812293576018e+00
1.059145725264478699e+00
1.244933940008984052e+00
1.159693513140748422e+00
9.372313616033309813e-01
1.170705148796599815e+00
7.918989922054500141e-01
3.099957175566103729e-01
6.746914062522648692e-01
1.394482426996034974e+00
1.242284240407677487e+00
9.558088082819971021e-01
1.130133276813520382e+00
1.178074706590312104e+00
1.013737902020981352e+00
1.014900570673752611e+00
9.898126780131093483e-01
1.026618366513559977e+00
9.527681238464538183e-01
1.010707424213768135e+00
9.550209524299699826e-01
1.134838875630834742e+00
9.876018317887047537e-01
1.007084310833274543e+00
1.021345044822507653e+00
9.450313145469406706e-01
8.466464438893011035e-01
5.988564653685557460e-01
8.207311414234563784e-01
9.184196720821891091e-01
1.028833394871940143e+00
1.294903222187997471e+00
1.065627990637924682e+00
8.568612434699431901e-01
7.933655676200039863e-01
2.004947536149147780e+00
9.724826009766154300e-01
1.033587464099198883e+00
1.315570928456008204e+00
8.347102267733177428e-01
7.266151446752289189e-01
1.285170676158156056e+00
5.529316816399258983e-01
6.690205058867881860e-01
5.773366340275138953e-01
1.276263350091721094e+00
1.219796463071403991e+00
9.132456244490576580e-01
1.130439137046380438e+00
1.167273121941601488e+00
1.008532013741508138e+00
9.917887922041188631e-01
1.074348740206843900e+00
1.025744893234843857e+00
9.725576326040658026e-01
1.022259431953801867e+00
